353858 353859 8013
335918 335919 135626
275041 275042 101375
275041 275042 159448
135975 135976 163166
51172 51173 325886
283170 283171 444914
64680 64681 221221
399209 399210 127601
314648 314650 120029
130681 130682 125075
130681 130682 182946
307014 307018 94830
36081 36082 56279
88601 88602 6564
412678 412679 401499
242678 242679 328521
313932 313933 227875
63800 63801 143985
437348 437349 112506
340725 340726 227697
426133 426134 409135
291207 291208 229304
58331 58332 36472
304451 304453 134951
126772 126773 402259
126772 126773 214178
193471 193472 369265
250626 250627 187998
161899 161901 275081
326337 326339 7220
223916 223917 279926
85790 85791 106001
233360 233361 316826
351147 351148 191354
80591 80592 361184
218130 218131 161428
355412 355413 179429
124375 124376 401302
31506 31507 251274
311621 311622 235654
264171 264172 92360
147417 147418 427314
159685 159686 173016
285889 285890 419425
373823 373825 165348
381370 381371 221671
38100 38101 96092
329512 329513 49573
329512 329513 233163
8379 8380 71657
59569 59570 277431
297675 297676 233592
85516 85517 213257
362246 362247 211773
355606 355608 384879
411330 411331 31276
376880 376881 241248
122668 122670 66507
122668 122670 374891
298610 298611 298752
187126 187127 341217
187126 187127 9701
97641 97642 155809
142475 142476 27649
435033 435034 250799
54433 54434 104892
352156 352157 364529
166478 166479 127160
4551 4552 72444
369513 369514 61825
369513 369514 143716
395327 395328 15388
429941 429942 333576
103384 103385 51301
389254 389255 137788
121016 121017 151366
119084 119085 298182
441389 441391 197221
262311 262312 4369
203944 203947 27050
358056 358057 275186
365902 365903 195568
5121 5123 296516
5121 5123 75128
167811 167812 323454
138979 138980 247470
138979 138980 153704
189564 189566 382321
119227 119228 223072
215518 215519 6200
377674 377675 90473
274264 274265 347997
274264 274265 68563
49087 49088 262297
307862 307863 143317
318016 318017 341128
292319 292320 285987
7414 7415 403387
7414 7415 157453
185622 185623 413928
189055 189056 250444
71556 71557 239532
86707 86708 116895
96244 96245 103411
238667 238669 279698
238667 238668 279698
214986 214987 187677
310874 310875 375239
310874 310875 266586
95993 95994 284514
429229 429230 55756
196296 196297 72854
218553 218554 195829
279529 279530 53750
415857 415858 420226
3304 3305 55449
233195 233196 373349
80223 80224 4853
32023 32025 222109
32023 32025 62502
256049 256050 293546
110867 110868 301316
226778 226779 291729
279826 279827 55610
373020 373021 173970
373020 373021 153781
279327 279328 17531
4042 4043 372603
138653 138654 162074
168469 168470 169746
372763 372764 400681
359722 359723 102777
434273 434274 201110
424298 424299 58053
257017 257018 396171
256321 256322 403230
45062 45063 305958
55417 55418 173934
313469 313470 68784
379948 379949 18085
267552 267553 105697
284851 284852 57280
211030 211031 81565
341205 341206 405591
213273 213274 75102
401869 401871 249672
20607 20608 55350
281841 281842 635
254890 254891 138049
223244 223245 262358
182575 182576 319365
42630 42631 280478
39423 39424 426600
10130 10131 15385
388345 388347 288338
378433 378434 446063
346227 346230 119501
383395 383396 278420
276787 276788 1111
354860 354861 70270
64670 64671 255159
2317 2318 107416
231583 231584 239590
180403 180405 173510
180403 180405 70774
305036 305037 55639
284194 284195 203561
400247 400248 77496
222288 222289 386238
4941 4942 156728
266755 266756 55345
332730 332731 1668
248637 248638 145489
119290 119291 440781
83615 83616 43399
250343 250347 375487
77867 77868 374376
145701 145703 210891
69619 69620 217484
60287 60289 321736
324696 324697 8564
284230 284231 53763
390274 390275 127607
268995 268996 74130
419730 419731 339127
445191 445192 178044
445191 445192 89725
385329 385330 163948
18634 18635 5220
395165 395166 390165
5820 5821 252624
429260 429261 262835
90409 90410 193585
172545 172546 352386
305669 305670 142157
30848 30850 197397
290425 290426 60658
91288 91289 44478
91288 91289 420228
409509 409510 278783
143062 143063 54031
391019 391020 255192
385444 385445 164350
18227 18228 90636
14857 14858 120184
25689 25690 55952
158856 158857 30920
120113 120114 20445
374853 374854 278420
266899 266900 285176
151519 151520 232139
43834 43835 3282
252616 252617 369359
426902 426904 372119
217254 217255 229918
338107 338108 131047
770 771 193763
277597 277598 140818
164819 164821 118265
427844 427845 98348
447612 447613 344507
207283 207284 16402
351004 351005 124098
114216 114217 391541
349633 349635 229279
383186 383187 347943
74380 74382 25697
74380 74382 193555
251625 251626 195236
81650 81651 357353
400133 400134 375042
289076 289077 434417
78183 78184 228278
283071 283072 144027
352064 352065 285113
98904 98906 137082
336298 336299 131546
336298 336299 170261
175348 175349 430532
175348 175350 430532
80254 80255 41708
394030 394031 382243
162722 162723 404983
116013 116014 79666
145550 145551 353657
80052 80053 420381
67994 67996 393113
288347 288348 139440
325686 325687 187525
192029 192030 249387
341524 341525 327448
153172 153173 153949
396411 396412 66078
138326 138327 325486
115821 115822 304709
64698 64699 246724
297527 297528 274466
385142 385143 301491
414593 414594 75826
47620 47622 67420
47620 47621 67420
151995 151996 128559
342641 342642 427212
130802 130803 271385
69558 69560 185191
438659 438660 82220
294037 294038 296606
332002 332003 199968
362167 362169 14881
124926 124927 274905
324415 324416 221116
149668 149669 68926
428747 428748 180383
51628 51631 150743
159923 159924 229851
82564 82565 266254
217890 217891 97276
368172 368173 102480
131427 131429 165360
16651 16652 395387
15767 15768 318718
120416 120417 273543
149726 149727 332545
317518 317519 270768
8072 8073 135428
108416 108417 71438
108416 108417 59944
108416 108417 168501
283444 283445 353115
303450 303451 6036
8703 8704 225372
249964 249965 219733
249964 249965 143110
180326 180327 220022
151732 151733 58137
431425 431426 39415
258406 258407 235679
406452 406453 410697
406452 406453 169465
287165 287166 280976
72696 72697 401779
423048 423050 9683
347675 347676 128726
138200 138201 27896
323900 323901 151948
162724 162725 351913
94906 94907 192004
189967 189968 306365
218281 218282 360000
59987 59988 247580
78507 78508 139519
145273 145274 49730
263433 263436 248069
106294 106295 359970
137082 137083 98904
352079 352080 217727
274323 274324 320337
325112 325114 79776
353439 353440 56106
342984 342985 447462
19456 19457 81557
117427 117428 25488
207376 207377 101575
424196 424197 245076
24019 24020 67107
134390 134391 54407
146810 146811 254974
180606 180607 14608
293221 293223 342616
175443 175444 160097
182903 182904 114900
381603 381604 219742
377311 377312 56203
100890 100892 298705
386266 386267 16261
330461 330462 239869
348986 348987 45758
409965 409966 276950
163515 163517 228037
399369 399370 133519
45176 45177 368912
103150 103151 23408
59606 59607 257290
329313 329314 211563
356233 356234 139738
320636 320637 81003
72109 72110 103781
389680 389681 83626
389680 389681 219106
160160 160161 162653
121117 121118 61793
5577 5578 180571
282714 282715 25863
373810 373811 401946
210624 210625 75759
108730 108731 149623
402259 402260 126772
34212 34213 257910
319486 319487 413858
282642 282643 356375
66716 66717 15701
200122 200123 440685
200122 200123 392438
20842 20843 169014
397794 397795 167697
112102 112104 120744
112102 112103 120744
83752 83753 419865
422566 422568 145841
345007 345008 76545
347590 347591 6942
170736 170737 393781
282807 282808 212733
222975 222976 28158
235679 235680 258406
263099 263100 172184
186403 186404 264644
131330 131331 271727
176554 176556 332676
176554 176556 301372
155485 155486 411416
46384 46385 127409
196709 196710 239636
161381 161382 240347
152902 152903 419487
331878 331879 20203
304264 304265 394852
378004 378006 185689
359664 359665 93770
387308 387309 323957
45974 45976 139408
94396 94398 56522
138250 138251 272385
415095 415097 383470
216252 216253 380553
64466 64467 272908
287645 287647 67448
80326 80327 124219
28483 28484 217898
96624 96625 445088
213215 213216 335719
172706 172707 134738
379586 379587 136063
200248 200250 106104
273286 273287 329321
230645 230646 82494
408973 408975 156374
189511 189512 155051
189511 189512 69990
297864 297865 240223
56455 56456 213664
131088 131089 260927
298297 298298 34477
337658 337659 75235
337658 337659 23065
412545 412547 176994
198459 198464 25785
145544 145545 252581
145544 145545 390778
232972 232973 347112
18390 18391 190070
449421 449422 419431
11602 11603 179308
177388 177390 171478
177388 177390 244675
150592 150593 199149
254303 254304 393977
415194 415195 419728
401344 401345 235124
196239 196241 89648
173534 173535 153613
245584 245585 124176
101471 101472 432116
357195 357196 57722
58153 58154 367211
278861 278862 434908
166100 166101 444158
368932 368933 91106
273214 273215 222165
342627 342628 295928
95667 95668 217151
193218 193219 71004
297392 297393 252472
394717 394720 424719
39730 39731 65193
258066 258067 140237
57073 57075 118367
358346 358348 33020
294718 294719 100546
172464 172465 278465
421943 421944 143088
339127 339131 419730
182299 182300 338030
6564 6565 88601
297652 297653 35931
387008 387009 7836
387008 387009 249676
345072 345073 88529
378263 378264 392505
289707 289708 43042
244192 244193 301591
46826 46828 192409
88827 88828 431031
31499 31500 60398
74269 74270 8995
74269 74270 340762
133133 133134 142385
285248 285251 89026
39982 39983 353933
252944 252945 250934
30785 30787 151095
290286 290287 342502
143995 143996 195231
423306 423307 412958
272232 272233 274243
218453 218455 87217
299231 299232 321025
86172 86173 84348
374468 374469 25492
143748 143749 371650
185506 185509 177403
12662 12663 213447
390911 390912 292966
298276 298277 296598
434514 434515 62813
331391 331392 267852
426905 426906 402531
275698 275699 169255
51633 51634 343057
24371 24373 60791
203872 203873 232142
380400 380401 52535
164766 164770 177954
268089 268090 261195
440323 440324 176368
410493 410494 301741
380607 380608 222140
434079 434080 122164
359970 359973 106294
147578 147579 405749
140074 140075 250349
140540 140541 21429
181668 181669 364322
387842 387844 261114
372787 372788 166499
240306 240307 222431
259651 259652 372255
259651 259652 308632
217192 217193 22
241578 241580 8565
376488 376489 8445
42649 42650 97261
141033 141034 266530
17165 17166 383822
20118 20119 75543
108649 108650 426648
280838 280839 449366
314549 314552 316884
230788 230789 71343
104463 104464 120979
416120 416122 160107
138128 138129 18708
19722 19724 314443
150918 150919 132078
124922 124923 127408
84348 84349 86172
32062 32063 396909
173632 173633 226888
89446 89448 306284
64773 64775 35877
101360 101361 143299
388667 388668 268159
261169 261171 414749
416833 416834 200711
173051 173052 204130
323751 323752 275409
281645 281646 205439
312397 312398 367060
87363 87365 46424
403058 403059 242022
70665 70666 16410
70665 70668 16410
180518 180520 188118
407014 407015 280265
34477 34479 298297
319632 319635 344241
7662 7663 200661
132524 132526 373666
439716 439717 292012
75182 75183 429338
108525 108526 126503
340306 340307 245443
174900 174901 205060
88181 88182 45209
332695 332696 104013
309881 309882 272386
36167 36168 289110
200711 200712 416833
199066 199067 239359
149034 149035 270140
142245 142246 335472
414040 414041 169890
126022 126023 377084
126022 126023 191882
25299 25301 44790
263498 263499 66027
290037 290040 317405
289857 289858 251609
382999 383000 403651
250516 250517 144624
200854 200855 183100
199743 199744 153265
78277 78278 82949
440344 440345 446983
9577 9578 256977
247114 247115 106676
111217 111219 69953
439312 439313 167179
149772 149773 25306
28824 28825 264675
28824 28825 78468
56007 56008 161464
157083 157084 122351
174133 174134 281399
174133 174134 379729
218577 218578 263666
218577 218580 263666
277995 277996 92567
175407 175409 182651
103838 103839 289766
19538 19539 195709
368297 368298 207374
370134 370135 180148
438848 438849 369774
99806 99807 394407
169529 169530 81895
273860 273861 363008
85055 85056 199475
150064 150065 95843
79340 79341 299883
441083 441085 50122
188320 188322 37187
188320 188322 141179
238639 238641 64097
415062 415063 21292
345992 345994 339830
225295 225296 4940
225295 225296 273643
308486 308487 345352
108248 108249 108410
156013 156015 354437
156013 156014 354437
380899 380900 284951
348402 348403 351665
88668 88669 296311
143370 143371 34184
114289 114290 211166
24139 24140 327986
279632 279633 441214
279632 279633 70942
405876 405878 207420
343137 343138 157203
187266 187268 230130
247110 247111 145166
294926 294927 380201
307153 307154 147435
54148 54149 200993
385068 385069 12684
163331 163334 436186
149720 149721 177625
400686 400687 181455
449375 449376 417464
205093 205094 301280
337614 337615 128220
449987 449989 324379
327333 327334 366611
162653 162654 160160
349893 349894 180227
278388 278389 277901
294215 294216 12482
207485 207486 61397
73810 73811 138890
304054 304055 107067
431197 431199 346409
119798 119799 38036
194975 194976 388633
154968 154969 136725
60934 60935 149764
276921 276922 445767
405053 405054 137544
228936 228937 301449
229013 229016 372850
341986 341987 379772
30693 30694 77946
250353 250354 274140
272478 272479 268165
152439 152441 205521
152439 152441 285588
437796 437797 56669
287215 287216 205102
82063 82064 373881
270629 270630 51229
354823 354825 406853
383085 383086 23459
108086 108087 31923
396469 396470 372715
141694 141695 441503
160355 160357 404532
301098 301099 163251
256951 256953 70713
138241 138242 260315
138241 138242 86331
138241 138242 40755
217311 217312 36502
386865 386866 210713
254728 254729 135440
30231 30232 137811
91249 91250 279918
243786 243787 78849
193443 193445 321103
216375 216378 99118
161536 161537 23992
184096 184097 41252
180447 180448 307669
89755 89756 301392
397449 397450 24870
6696 6697 35293
420612 420615 112852
337934 337935 41717
173239 173240 333058
14988 14989 52108
282848 282849 11642
53765 53766 436482
177849 177850 105732
210754 210755 252897
446139 446140 28389
438595 438596 376905
193841 193842 432841
84392 84393 420711
376169 376170 373820
376169 376170 142646
367163 367164 97437
179281 179283 95242
371640 371641 51277
403197 403199 123777
375870 375872 38250
179232 179233 198198
338070 338071 446708
96789 96790 341935
150976 150977 211905
402959 402960 435517
198614 198615 226536
374695 374696 238300
278001 278002 316811
181838 181839 286560
181838 181839 294416
278613 278614 362617
447597 447598 147617
312364 312365 89
214528 214530 405253
338284 338286 232903
376550 376551 236416
239958 239959 10680
280892 280893 187361
185329 185330 282443
344964 344966 68495
26116 26117 387252
216602 216603 64959
205131 205132 299990
287071 287074 447222
65959 65960 246728
304420 304421 343843
173025 173026 178531
209343 209344 24767
261573 261574 322911
211595 211596 423163
435782 435783 333114
368993 368994 25388
368993 368994 106721
398466 398467 268490
398466 398467 77262
13214 13215 267606
204742 204744 395099
204742 204744 236826
165967 165968 81233
237100 237102 116725
405016 405017 401432
448855 448856 160119
264381 264382 406507
384994 384995 442637
300606 300607 53382
99750 99751 6010
384849 384851 169196
439395 439397 104010
209366 209367 392717
209366 209367 19888
96468 96469 239393
114292 114294 198468
114292 114293 198468
114292 114296 198468
359326 359327 382312
393163 393164 214494
365689 365690 422881
243497 243498 441358
143084 143085 351788
409354 409357 141535
61114 61115 40039
443003 443006 312834
252691 252692 380318
85110 85111 322037
73636 73637 2891
105033 105034 173252
112274 112277 151188
243711 243712 437038
213232 213233 98437
46753 46754 366551
327930 327931 189469
190123 190124 182939
176654 176655 87338
176654 176655 348455
176654 176655 12478
44578 44579 392864
36857 36860 246584
230567 230568 227031
31724 31725 388131
149242 149243 64975
107164 107165 280272
168585 168588 125990
411096 411097 160807
296632 296633 245753
296632 296633 122750
59686 59687 312635
82905 82906 46584
189339 189340 177044
277057 277058 41869
278110 278112 348212
278110 278111 348212
435743 435744 47692
435743 435744 44449
200231 200232 147104
43863 43864 228891
73000 73001 353037
434812 434813 184068
56750 56751 230804
145285 145286 267136
252513 252514 111701
174799 174800 176478
396291 396292 282091
166571 166572 69158
25447 25448 277862
421081 421082 343829
152093 152094 146246
355536 355539 57024
355536 355539 186564
122901 122902 366392
427760 427761 404820
395422 395423 32557
374848 374849 380598
349502 349504 310153
98551 98552 90702
115010 115011 49698
316821 316822 489
392611 392612 383750
150083 150084 247969
208647 208649 164309
208647 208648 164309
101789 101790 290808
51099 51101 32618
216379 216380 260287
228617 228618 221236
19785 19786 429269
362043 362044 153215
206929 206930 78685
217727 217728 352079
197262 197265 161436
263918 263919 51009
325784 325785 131087
122767 122768 102599
295014 295015 98919
106324 106325 440611
261114 261116 387842
82625 82626 334231
305342 305343 140193
341810 341811 447522
158522 158524 336593
369758 369759 176179
361140 361141 117230
300877 300878 171821
266421 266422 272892
284316 284317 83271
177731 177732 55813
177442 177443 396024
128895 128896 225221
158858 158859 57885
25990 25991 310021
6278 6279 66095
4658 4659 30771
429243 429244 379617
338354 338355 44434
85862 85863 220091
160053 160054 204668
340996 340997 382752
310675 310676 10218
17774 17775 78901
416084 416085 168753
326542 326543 151587
271488 271489 323756
153968 153970 55407
93070 93071 399523
76156 76157 217421
289104 289105 126579
13683 13684 6864
13683 13684 117994
589 590 363869
589 590 269992
311740 311741 216072
311740 311741 403334
171485 171486 143768
201023 201024 95724
261649 261651 228562
192025 192026 65677
192025 192026 284188
323893 323894 86004
105309 105310 271968
305738 305739 193024
370996 370997 431008
2095 2096 229814
318376 318377 275869
277159 277160 75928
277159 277160 434558
417284 417286 26450
355236 355238 438620
448920 448921 130236
419487 419488 152902
263777 263778 127468
207574 207576 391226
407245 407246 328752
397775 397776 187876
83135 83136 60370
447489 447490 163963
420398 420399 272711
375074 375075 144929
325234 325235 148330
240329 240331 190510
176981 176982 324822
321929 321930 62113
248935 248937 412111
248935 248936 412111
263991 263992 173077
8423 8424 210410
424942 424943 54567
344196 344197 231247
344196 344197 41240
150023 150024 291140
167211 167212 310339
43579 43582 330360
334025 334026 378882
119338 119339 100810
97445 97447 275067
204441 204444 368049
60492 60493 331683
196932 196933 273503
399276 399277 422160
364669 364672 399855
50826 50827 45741
111306 111308 416329
132898 132899 302705
415497 415498 338372
84495 84496 421946
84495 84496 331202
7059 7060 60639
31761 31762 289647
276738 276739 138431
181251 181252 356644
181251 181252 148369
437963 437964 282018
101047 101048 199460
243233 243234 252823
99216 99217 63882
110043 110044 176828
417883 417884 72121
177668 177669 205586
287801 287802 310510
224077 224078 37751
332518 332519 35022
269505 269506 342224
286537 286538 372726
275190 275191 323761
397036 397037 215451
397036 397037 200068
152722 152723 283914
319616 319617 351420
431460 431461 285540
431460 431461 223373
427858 427859 253520
144702 144703 411571
424130 424131 347366
61842 61843 106466
366570 366571 144471
268523 268524 375172
382297 382298 435707
70745 70746 147196
269006 269007 92732
311521 311522 155622
311521 311522 447487
418315 418316 231552
402025 402026 175427
385526 385527 110969
23786 23787 295970
38695 38696 447571
21293 21295 281163
206463 206464 397690
68430 68431 241868
49372 49373 422461
169754 169755 282667
219501 219503 320678
80949 80950 391606
159982 159983 262553
334764 334766 43051
52040 52041 308096
143543 143544 262595
30532 30533 273200
30532 30533 364411
121873 121874 242200
70992 70993 364536
92349 92350 133869
222294 222295 54175
319404 319405 95894
271381 271382 154196
271381 271382 132523
268668 268669 221011
195029 195030 285462
94833 94834 147826
112773 112774 276621
205982 205983 77668
310939 310940 445760
90866 90867 58381
401320 401321 307007
84725 84726 417123
324616 324617 135678
392551 392552 431327
330414 330415 140952
284468 284469 278877
284468 284469 215753
436303 436304 365450
346247 346248 102068
372801 372802 61173
61608 61609 431914
124528 124529 185275
169651 169652 122971
412801 412802 20450
70524 70525 355482
148630 148631 422557
27186 27187 345765
4365 4366 47946
444999 445001 295933
99742 99745 114443
49274 49275 425444
49274 49275 182005
10518 10519 91157
289939 289940 336522
112506 112507 437348
431687 431688 91708
285641 285642 187074
254015 254016 271761
25466 25469 438854
344555 344556 332602
417507 417508 268746
273676 273677 23154
303162 303163 429228
427711 427712 295577
73843 73844 352121
130538 130539 437458
396376 396377 85334
174341 174342 412927
447528 447529 421372
134413 134414 223713
203039 203041 105089
279748 279749 93949
127622 127625 99831
423621 423622 188599
278198 278199 252436
205214 205215 192893
375486 375487 14034
250305 250306 403636
352121 352122 73843
108106 108107 316596
164284 164286 203028
111679 111680 101240
61846 61847 316634
342366 342367 326039
435132 435133 1414
232836 232839 431603
389726 389727 271661
41822 41823 276056
439235 439236 298409
401444 401445 85621
219555 219556 435557
198275 198276 339182
198275 198276 50200
198275 198276 289582
392594 392595 328987
277431 277432 59569
298672 298673 176293
349148 349149 269076
131583 131584 149862
423744 423745 217357
310581 310582 137073
377259 377260 84634
295609 295610 232106
295609 295610 281588
40078 40079 221907
440092 440093 212117
319538 319539 354905
319538 319539 429682
225844 225846 30908
211116 211117 193781
298523 298524 230761
298523 298525 230761
336545 336547 186777
336545 336547 261200
316444 316446 64681
25697 25698 74380
116674 116675 444285
59196 59197 66990
290438 290440 194063
337229 337230 135418
163935 163936 99430
201581 201582 160943
407094 407097 38335
254128 254132 268057
286495 286496 335075
80803 80804 210073
390655 390656 25897
191159 191160 353137
191159 191160 159448
50477 50479 231636
163579 163580 113775
120683 120684 412571
45166 45168 422077
272308 272309 17155
339018 339019 324524
427878 427879 23430
275093 275094 379213
275093 275094 278423
155809 155810 97641
221412 221413 96393
31254 31255 341268
31254 31255 137942
128828 128829 381548
128828 128829 118708
200963 200965 339113
85120 85121 224674
320648 320649 112584
351174 351175 408413
218387 218388 427357
410401 410402 317204
295476 295477 412245
400578 400579 444528
215618 215619 73046
281612 281613 184137
336400 336401 723
300850 300851 257076
61458 61459 57037
169813 169814 379648
10293 10296 366341
154235 154236 391361
376719 376721 433862
202677 202678 410750
198225 198226 240831
82592 82593 289927
168053 168055 93221
338218 338219 255175
338218 338219 17497
193555 193556 74380
180456 180457 221539
190402 190403 365010
197869 197870 285033
8411 8412 30444
306348 306350 14513
213094 213095 150332
79806 79807 238011
79806 79807 359693
300457 300458 103248
51825 51826 186948
279587 279588 151046
124814 124816 55577
137464 137465 167300
277349 277350 411435
69354 69355 249788
289081 289082 135105
323562 323563 224841
418435 418436 125607
79414 79415 431395
219644 219645 37903
71917 71918 411469
77475 77476 58047
213915 213916 171731
422557 422558 148630
166368 166369 64735
319009 319010 303608
216311 216312 49415
324716 324717 135698
324716 324717 299787
261286 261287 287547
5142 5143 211034
5142 5143 317466
319749 319750 215275
70378 70380 263385
89413 89414 32038
4190 4191 445094
3905 3906 120457
302739 302740 74988
279156 279157 279467
448761 448762 77451
149449 149451 113874
255310 255311 332397
8790 8791 202226
8790 8792 202226
348599 348600 218430
103045 103046 126801
15334 15335 275298
160149 160150 46818
274962 274963 21772
221539 221540 180456
301873 301874 267007
280003 280004 223595
52688 52689 439811
275338 275339 376585
233363 233364 301997
192450 192451 231987
206198 206199 411391
206198 206199 139469
431078 431079 393363
27335 27336 394719
174837 174838 196426
379044 379045 29142
365688 365689 138552
365688 365689 371068
38210 38211 243530
6086 6087 168911
101782 101783 381043
364840 364841 269620
75985 75986 372442
375501 375502 101406
366993 366994 226361
102886 102887 404134
309729 309730 132560
72738 72739 370080
439930 439932 165638
175472 175473 281358
58181 58183 81532
415986 415987 387660
137429 137430 390497
168524 168525 34223
436481 436482 148264
378798 378799 49605
50540 50541 260351
411699 411700 279952
267812 267813 133027
267812 267813 61929
363345 363346 279126
88328 88329 293776
144346 144347 146640
53711 53713 216961
402193 402194 170550
67458 67459 175620
44130 44131 363155
261726 261727 94698
210459 210460 75165
210459 210461 75165
383934 383935 244837
427779 427780 414283
411190 411191 438853
114224 114226 227873
332307 332308 417996
260829 260831 142570
193124 193125 156571
110533 110534 290282
146227 146228 94926
146227 146228 331771
141598 141599 283248
411784 411785 171441
305776 305777 6222
44172 44173 110528
39937 39938 139903
110169 110171 224266
71892 71893 223599
12038 12039 10972
349793 349796 216160
349793 349795 216160
274043 274044 177682
368342 368343 116679
388453 388454 336703
211019 211020 382112
396046 396047 217007
94109 94110 16434
236145 236147 144544
427669 427670 67794
396805 396807 51803
396805 396807 432415
61405 61406 347051
81565 81566 211030
177389 177390 374268
157894 157896 439874
157894 157895 439874
28297 28298 280530
22368 22369 8809
1001 1003 366479
284806 284807 8488
120690 120691 325458
114077 114081 151424
177980 177981 125636
140136 140137 360426
252021 252022 201727
411240 411241 281726
213521 213522 225032
332282 332283 367585
408501 408503 52958
414681 414682 169776
84396 84397 295916
262110 262111 209229
282113 282115 420930
145325 145326 57707
47630 47631 210647
43194 43195 385420
57695 57696 157103
115587 115588 442274
142978 142979 291251
28834 28835 113601
327551 327552 52545
224886 224887 101719
285553 285554 401126
282269 282270 426384
138635 138636 120371
345453 345454 164032
64803 64804 348934
27031 27032 38438
5432 5433 6783
255483 255484 142204
422601 422603 448189
446371 446372 419676
167754 167755 46760
416456 416457 233924
61642 61643 403292
208505 208506 208411
430742 430743 78737
135426 135427 319522
80843 80844 116548
26591 26592 418258
213961 213962 130191
213961 213962 418846
320428 320429 373063
94923 94924 143463
142940 142942 418681
193494 193495 229841
350663 350664 20675
177672 177673 144463
4801 4802 255866
88068 88069 31463
54996 54997 195754
54996 54997 225213
299246 299247 219579
191968 191969 370552
140212 140213 445609
242483 242484 38839
243606 243607 290879
249272 249273 105005
211658 211659 426037
211658 211659 443122
418472 418473 298176
345765 345766 27186
60696 60697 51449
34892 34893 241293
139661 139662 330602
204076 204077 387913
166530 166531 187286
80192 80193 412514
171513 171514 416500
324628 324629 325233
165189 165190 224198
352115 352116 54498
302342 302343 222749
201529 201530 218695
365100 365101 3955
338131 338132 65985
218093 218094 430255
187974 187975 171997
284908 284909 76764
284908 284909 296379
371761 371762 129912
289393 289394 67722
208633 208634 221570
146640 146641 144346
291313 291314 230908
268675 268676 252393
91190 91191 369379
91190 91191 215234
120288 120290 130398
254900 254902 260945
259494 259495 101498
208098 208099 79845
295457 295458 431236
205789 205790 45418
223156 223157 327060
197851 197852 380824
119577 119578 160345
174441 174442 209971
272406 272407 94508
319236 319237 434492
261847 261848 179053
115147 115149 297210
130272 130274 328465
297841 297842 213942
3859 3861 284912
94508 94509 272406
75128 75130 5121
259405 259406 48091
288795 288796 268912
39139 39140 48090
36126 36128 46807
96996 96997 319357
379837 379838 8375
5646 5647 320675
351968 351969 105572
137814 137815 2733
347026 347028 281343
138938 138939 249191
305672 305673 104814
375887 375888 63995
116780 116781 325327
42857 42858 76849
61530 61531 138501
217642 217643 320258
431474 431475 199750
18454 18455 303343
354306 354307 98761
184703 184704 435602
219054 219055 21929
226093 226094 354059
104734 104736 129551
348852 348853 334666
22717 22718 149650
55027 55028 212499
23482 23483 99843
290010 290011 121607
399143 399145 79364
208761 208762 106201
400053 400054 447000
156374 156375 408973
156374 156375 130406
145552 145553 268353
134224 134225 423955
407343 407344 415503
397403 397404 273426
172294 172295 420190
438519 438520 441020
158397 158398 144229
158397 158398 370531
80774 80775 406886
80774 80775 330185
351153 351154 125280
274585 274586 223528
63616 63617 398324
29419 29420 23785
13252 13253 2968
306365 306367 189967
44644 44645 420415
152944 152946 87126
56674 56675 65249
235410 235411 227082
91431 91432 51136
91431 91432 231288
271888 271889 40683
288081 288082 170779
173923 173924 421481
415337 415338 385717
397690 397691 206463
222452 222453 224106
15910 15911 65161
382470 382471 320016
29794 29795 3826
340965 340966 9613
152649 152650 295775
43608 43609 30740
210225 210227 134379
167846 167847 370270
190273 190275 122982
145386 145387 261072
263738 263739 311530
22190 22193 177462
442219 442221 37147
36129 36130 332442
123762 123763 425739
337297 337298 370249
284003 284004 55407
81058 81059 35640
13235 13236 58104
305803 305804 5777
157436 157437 362818
191823 191824 76111
194559 194560 420730
303951 303952 355854
96205 96206 401217
142807 142808 334614
302311 302312 260368
169525 169526 53419
341545 341546 298043
448144 448145 140712
64379 64380 369280
64379 64380 344439
276767 276768 152717
44639 44640 70481
44639 44640 85796
184275 184276 213771
138807 138808 69321
167222 167223 345134
383779 383780 128896
70774 70775 180403
275067 275068 97445
407226 407227 235697
284001 284002 82270
230381 230382 329953
429156 429157 248766
353061 353062 151797
13442 13446 58176
364003 364005 382251
351627 351628 88645
139244 139245 191322
75543 75544 20118
269171 269172 170894
153323 153324 162678
223095 223096 36628
6754 6755 150516
369456 369457 311129
385176 385177 17144
381616 381618 179252
53145 53146 135636
53145 53146 448414
128627 128628 222255
128627 128628 314982
384145 384146 280853
31738 31739 198801
188214 188215 307782
92773 92774 30840
89519 89520 34151
113678 113680 337124
396174 396175 259282
54429 54430 166358
381654 381656 51296
372117 372118 362374
16189 16190 331831
122627 122628 11084
246963 246964 126747
70029 70030 40434
155385 155386 56654
312544 312545 449278
410218 410220 299580
8798 8800 283108
317308 317309 57701
2569 2570 427078
191220 191221 130084
87405 87406 363341
98607 98608 96183
377388 377389 91893
184068 184069 434812
198337 198338 42619
296879 296880 35134
178469 178470 311937
58495 58496 4626
124090 124091 321042
431974 431975 209337
205118 205119 146731
238827 238829 427887
440104 440105 194708
152613 152614 32317
284097 284098 189928
284097 284098 346585
49778 49780 58078
439153 439154 80691
406853 406854 354823
324465 324466 354490
149251 149253 172940
199448 199450 361543
385818 385820 317134
382880 382881 438893
56604 56605 354157
283509 283510 287361
425498 425499 259596
207102 207103 261166
435057 435058 218296
138442 138443 194059
101364 101365 290547
98919 98920 295014
375568 375570 127141
127932 127933 292193
424908 424909 10691
22173 22174 212614
214814 214816 91546
334329 334330 20043
204036 204037 42326
287203 287204 99471
287203 287204 214937
156926 156927 371892
442969 442970 294070
116485 116486 278516
434554 434555 295440
33978 33979 225293
214920 214921 176023
397568 397569 102252
450022 450023 231168
302032 302033 348876
219565 219566 393864
377088 377089 413189
258580 258581 398030
381819 381820 368614
220611 220612 32148
91019 91020 85586
226962 226963 162088
49776 49777 270972
228978 228979 230859
50080 50082 180239
1569 1572 284311
440992 440993 339947
110276 110277 174827
410854 410856 145153
212236 212237 90210
392272 392273 251706
351736 351737 272721
141112 141113 127889
191213 191214 275319
284498 284499 10290
348792 348793 210305
305344 305345 7176
153256 153257 93753
331999 332001 407458
17584 17585 149840
268497 268498 288678
79118 79119 398349
146779 146780 382220
374014 374015 162508
374014 374015 110118
374014 374015 5819
160518 160519 313118
242334 242335 3550
430170 430172 327539
301422 301425 192533
182121 182123 435152
334886 334888 318162
287953 287954 146856
256791 256792 337386
304364 304365 118248
342480 342483 325723
401040 401046 308969
18736 18737 347088
215114 215116 64571
148543 148544 96643
116623 116624 414865
261773 261774 180862
409268 409269 394817
255776 255777 57428
62191 62192 22693
124015 124016 55186
261537 261538 78653
117814 117816 251945
363925 363927 127997
234528 234529 325826
234528 234529 172889
276448 276449 173234
116000 116001 192648
85217 85218 268469
384681 384682 64657
341691 341692 171580
62273 62274 316311
163915 163916 134147
351971 351974 355719
13460 13461 270539
189246 189247 61643
215121 215124 192282
420159 420161 218012
120541 120542 153024
408316 408318 109390
158389 158390 388053
213837 213839 376068
276955 276956 172288
147270 147271 230338
147270 147271 207110
420711 420712 84392
225375 225376 350252
399882 399883 28720
258655 258656 850
333811 333812 165648
333811 333812 33505
142491 142492 47540
354520 354521 344390
363338 363339 161839
342617 342618 390413
98845 98846 95471
59881 59882 24400
181592 181593 211967
57464 57465 434157
276089 276090 164297
348094 348095 152812
348094 348095 281992
238243 238244 445230
170698 170699 283732
170698 170699 52742
280085 280086 38229
434706 434707 329798
226511 226512 71264
156693 156694 330792
25904 25905 408449
295533 295534 307647
40961 40963 269675
287563 287564 118959
388964 388965 266244
170636 170640 344955
86474 86475 445259
308096 308097 52040
3373 3374 123678
333835 333836 281632
333835 333836 70048
28636 28637 216657
246953 246954 217743
246953 246954 389730
299759 299761 179790
60397 60398 290898
17714 17716 26030
33347 33348 331125
384070 384071 129793
303205 303206 20777
237156 237159 73200
234526 234527 201385
386624 386626 246733
193794 193795 5705
363896 363897 295393
138452 138453 106001
230359 230360 223732
57800 57801 25851
400906 400907 168240
376358 376359 181782
117524 117525 413042
329880 329881 163890
408069 408070 212223
236454 236455 58807
254237 254240 337965
324449 324450 65160
216401 216402 450010
115234 115235 141499
427192 427193 299559
168019 168020 285296
25584 25585 178987
169644 169645 167034
396317 396318 99854
154678 154679 107906
36227 36228 440282
234915 234916 405588
271635 271636 358067
233358 233359 17717
233358 233359 14874
198852 198853 400976
6378 6379 20915
404947 404948 12011
404947 404948 368415
449072 449073 86981
449072 449073 225582
27168 27170 59521
302458 302459 92429
51806 51807 235046
51806 51807 75251
14262 14263 78329
12817 12818 140616
434453 434454 433920
245850 245852 323263
287969 287970 81436
413533 413534 201014
2863 2864 72512
197336 197337 95102
147294 147295 230827
4348 4349 198984
4348 4349 175345
366771 366772 428811
122655 122656 271755
26874 26877 399273
178578 178579 438299
118548 118549 178871
83611 83613 271460
399025 399027 438154
81379 81380 123714
79776 79777 325112
380922 380923 24629
300501 300502 415646
371275 371276 311811
371275 371276 155032
413689 413690 68759
333212 333214 75592
133283 133284 144829
172612 172613 161401
49799 49800 2686
172440 172441 117070
292902 292903 306527
276160 276161 285805
395568 395569 438475
628 629 195427
225697 225698 63809
399069 399071 192319
269716 269717 121090
196857 196858 194777
271753 271754 371614
234292 234293 205181
61838 61839 14514
374644 374645 317673
194798 194800 33164
52625 52627 358593
213741 213742 227539
152056 152057 111844
210264 210265 332532
58647 58649 227361
284860 284861 77241
384046 384047 425442
280284 280285 445875
126680 126681 273795
53767 53768 290496
196426 196427 174837
166555 166556 379961
400890 400891 333205
389813 389814 128601
226201 226202 434442
236506 236507 89223
309149 309150 370726
395470 395471 276091
23365 23366 79879
293186 293187 111903
325977 325978 207160
14684 14685 235859
371181 371182 345643
217355 217356 225482
51811 51812 12781
392370 392372 446850
137470 137471 427482
50423 50424 346766
338915 338916 445293
368888 368889 370538
328329 328330 70875
388283 388284 54551
293759 293760 442197
417971 417972 227690
141313 141314 308163
141313 141314 310599
184229 184230 260841
412401 412402 418574
73934 73935 320104
440071 440073 17144
398338 398339 216180
278235 278236 99624
100301 100303 90306
192206 192207 239576
253317 253318 244831
152217 152218 30218
218796 218797 364875
287057 287058 230317
275319 275320 191213
140505 140506 202099
20576 20577 220495
408389 408393 427074
24026 24027 140493
53275 53276 377603
372141 372142 114460
135175 135176 27264
276333 276334 337894
427039 427040 233388
262058 262059 435243
269067 269068 355163
275476 275477 193652
211905 211906 150976
140112 140113 186492
432128 432129 435746
401351 401352 97211
105964 105965 329996
4183 4184 41256
118921 118923 336996
108536 108538 418548
259005 259006 101918
441076 441077 182331
342430 342431 338034
288995 288996 225711
198842 198843 283670
438605 438606 158299
414582 414583 428061
164418 164419 385888
441132 441134 443428
409193 409194 40030
296949 296950 82715
83884 83886 284778
191232 191233 166018
404633 404634 236477
282445 282446 54271
211411 211413 55176
140285 140286 135042
9841 9843 374181
427666 427668 211356
145575 145576 204910
281221 281222 347944
281221 281222 151675
13394 13395 304263
226431 226432 418649
60683 60684 218122
406232 406233 71278
141249 141250 412258
136562 136563 226001
136562 136563 81093
133892 133893 167786
63177 63178 72513
279880 279881 217639
317246 317247 123594
68764 68765 273942
349042 349043 276607
425925 425926 138008
300879 300881 354920
302679 302680 133215
389448 389449 9771
372948 372949 144700
124110 124111 387009
280674 280675 32014
116114 116115 215308
7835 7836 437872
77613 77614 446584
389724 389725 5388
89079 89080 171012
359693 359694 79806
225959 225960 114593
122985 122986 317134
380078 380079 67978
3622 3623 148513
417241 417242 434483
3685 3686 263244
351558 351560 96078
385781 385782 29502
385781 385782 14700
33650 33651 32122
323756 323757 271488
73400 73401 49861
267368 267369 420240
163989 163990 290452
408629 408630 44453
126172 126173 226605
233160 233161 412175
64933 64935 312752
61440 61441 182860
205566 205567 229630
40030 40031 409193
334585 334586 389259
225367 225369 319795
404397 404398 321591
65540 65542 447679
445354 445355 370510
138683 138684 137724
383205 383206 132728
119832 119833 256615
316535 316536 18850
94453 94454 381269
282640 282641 328796
282640 282641 251043
277357 277358 231481
337367 337368 130587
337367 337368 359157
136683 136684 172559
108414 108415 290148
10647 10648 380523
310836 310838 289872
176332 176333 296830
282413 282414 414329
274120 274121 217699
316337 316338 236602
22657 22658 259956
335678 335679 429257
325528 325529 426197
427017 427018 226024
113032 113034 249523
331661 331663 276002
339572 339573 393882
20516 20517 299253
20516 20517 94261
52180 52181 77352
169017 169018 418695
124501 124502 220598
148222 148223 404573
319360 319361 228811
302385 302386 138793
134376 134377 66001
404162 404163 389866
206159 206160 96335
72412 72413 272919
222390 222391 36233
74729 74730 177195
271466 271467 385194
285727 285729 430691
152834 152835 212186
213978 213979 153631
211367 211368 7865
288585 288586 421132
406074 406075 350010
449646 449649 392316
152600 152601 259564
47122 47123 119936
59515 59516 29982
413474 413475 276968
285071 285072 206038
7447 7448 298972
384903 384905 374969
384903 384905 142620
22410 22411 47351
287489 287490 111278
150340 150341 21731
224894 224895 17321
242243 242244 438813
125804 125805 8584
7999 8000 252551
27992 27993 177920
126010 126011 165416
359979 359980 32985
356385 356386 221141
239637 239638 223286
4409 4410 278360
313924 313925 442725
313924 313925 438288
158308 158309 44505
16261 16262 386266
222792 222794 123497
313444 313445 404977
365786 365787 89977
102188 102189 207938
135042 135043 140285
69952 69953 119143
69952 69953 178336
156641 156642 36101
275690 275691 223415
345643 345644 371181
345643 345644 218356
163146 163147 72693
366043 366044 369418
365113 365114 270628
365113 365114 60153
351419 351420 147728
170062 170063 258356
262522 262523 255625
409990 409991 348921
23228 23229 291535
180191 180192 99859
247461 247462 222043
266157 266158 263212
233072 233074 413858
440388 440389 306907
440388 440390 306907
140952 140953 330414
250433 250434 409368
275132 275133 400210
281392 281393 408025
227234 227236 55920
8559 8561 244442
249391 249392 38227
436452 436453 183811
351544 351546 233063
254602 254603 140001
141297 141298 222095
272222 272223 83397
91820 91821 99559
55172 55173 249106
55610 55611 279826
232366 232367 149601
419732 419733 271643
327042 327043 58273
14588 14589 200109
315077 315078 32898
377281 377282 160433
50122 50124 441083
194366 194369 367438
235699 235701 130544
193643 193644 9360
153642 153643 186747
233624 233627 53476
176469 176470 271422
176469 176470 291546
344538 344540 387547
67524 67525 11007
202317 202319 260998
449612 449615 219019
131423 131424 109384
96438 96439 219752
126503 126504 108525
90790 90791 209154
214941 214942 152130
94963 94964 134591
407057 407059 22474
9829 9830 230618
79174 79175 224474
58232 58233 127497
77262 77263 398466
200450 200451 282303
351440 351441 349961
166649 166650 428874
205264 205265 95788
278930 278931 368599
338897 338898 81499
154257 154258 438911
400034 400035 103898
103796 103797 204459
140294 140295 213581
206310 206311 222340
14788 14789 257035
326475 326476 69794
187636 187637 252824
122539 122541 114604
425838 425839 110376
138921 138922 57650
386589 386590 293474
47173 47174 115544
373643 373644 100659
55689 55690 168139
296330 296331 178887
235046 235047 51806
243717 243718 281007
449496 449497 120562
105483 105484 359186
231614 231615 196613
351454 351455 393125
434913 434914 343802
347755 347756 138379
205297 205298 154650
131315 131318 70319
148486 148487 306690
207656 207657 403467
313128 313129 430528
315419 315420 72027
433915 433916 351862
327523 327524 138626
206161 206162 404374
206161 206162 446738
433832 433833 222910
281402 281403 71278
363906 363907 63617
69667 69669 360850
316383 316384 61190
423535 423536 210927
320706 320707 34451
201809 201810 304014
141362 141363 78366
150736 150737 435733
212677 212678 371016
72956 72957 396387
381439 381440 27386
125749 125750 263594
217385 217386 233578
55055 55057 262963
153499 153500 390039
313720 313721 162628
339477 339479 300865
281358 281359 175472
8549 8550 51149
274466 274467 297527
440085 440086 300469
38933 38934 30219
15616 15617 413785
309697 309698 177853
274374 274375 6791
212117 212118 440092
69615 69616 286360
425453 425454 202013
392039 392040 33274
139080 139081 181771
93714 93715 273869
126108 126109 40768
224282 224283 15419
45485 45486 281290
66683 66684 421779
372255 372256 259651
363213 363214 380911
439109 439110 299593
432676 432677 449606
156267 156268 173486
426973 426975 201695
337887 337888 270113
383808 383809 145251
371415 371416 63127
70011 70012 411934
52262 52263 42458
128244 128246 69107
429337 429338 399436
132826 132827 275806
301779 301780 239536
22482 22483 200295
192681 192682 394350
378879 378880 95930
438296 438297 168695
93653 93654 119380
399478 399479 339959
62866 62867 119671
434345 434346 201039
85906 85907 62815
24726 24727 35784
112090 112092 313287
252316 252317 4506
160653 160654 416487
57751 57752 319100
212679 212682 218780
290599 290600 89986
332556 332557 393257
296057 296058 15722
212109 212110 352595
208130 208131 157411
197421 197422 373040
197421 197422 256272
306516 306517 377468
208119 208120 367481
334609 334610 243870
214345 214346 169372
213461 213462 84143
164785 164787 267714
303175 303177 375376
271761 271762 254015
354188 354189 239458
272018 272019 197794
217663 217664 4445
376383 376384 129218
283727 283728 338789
137310 137312 281152
65097 65098 56393
53662 53663 206029
171576 171577 328594
422172 422173 28647
120641 120642 298879
321150 321151 365918
439079 439080 23345
315877 315878 424294
84086 84087 67957
72481 72482 134
203108 203109 1252
33806 33807 73183
162070 162071 402021
162070 162071 322246
371294 371297 351687
178650 178651 306765
311759 311761 39216
242601 242602 347471
434413 434414 279493
78684 78685 387852
253431 253432 214820
330750 330751 172674
268150 268151 418447
92565 92566 309662
406521 406522 377066
406521 406522 80399
133763 133766 261659
376453 376454 83693
178898 178899 311674
379200 379201 282332
398636 398637 444753
109997 109998 203892
447480 447482 130633
88682 88683 374132
432269 432270 96652
70433 70435 369837
85654 85655 264349
359205 359206 366356
142070 142071 57825
72334 72335 81440
192282 192283 215121
4764 4765 138569
65188 65189 358066
440370 440371 327649
439037 439038 245021
172214 172215 341435
367211 367212 173713
367211 367212 58153
277835 277836 386608
169733 169734 182865
27393 27394 194266
332429 332430 48516
114714 114715 125165
21173 21174 85521
186954 186955 414942
44549 44550 444389
64234 64237 42092
72114 72116 22918
247868 247871 133022
207169 207170 408075
408695 408696 91224
101058 101060 78593
20992 20993 232432
176996 176997 128846
213771 213774 184275
36936 36940 65382
431999 432000 128924
143086 143087 181635
270037 270044 153872
113324 113325 346164
101632 101633 111586
86910 86911 424932
418312 418313 398443
267246 267248 58169
389676 389677 120461
187271 187272 50032
313124 313125 365415
132845 132846 260562
161503 161504 278600
198283 198284 110478
107507 107508 157627
295601 295602 328294
385708 385709 386562
55659 55661 362417
284370 284371 409662
108989 108991 251356
199108 199109 97768
273058 273059 42588
78894 78895 254341
78894 78895 136115
392147 392148 82349
425394 425396 70591
410697 410698 406452
22864 22865 65798
58169 58170 267246
438553 438554 80979
386941 386943 339959
276037 276038 262829
89276 89277 252592
180408 180409 172216
150253 150254 91012
138082 138083 184256
155463 155464 46903
110412 110413 127066
386850 386851 158859
408119 408120 197325
104010 104011 439395
167612 167613 205079
417300 417303 49082
329135 329136 330225
10596 10597 378234
169307 169308 293066
44756 44758 103237
107276 107277 324995
184705 184706 171324
275791 275792 237061
379861 379862 137870
341693 341694 31553
42629 42631 367512
69535 69537 146980
286403 286404 321780
298500 298502 124146
420988 420989 440514
96597 96598 210961
200106 200107 61751
49587 49588 377664
154884 154885 217702
55346 55347 262731
111724 111725 221441
60834 60835 110117
228692 228693 200655
407967 407968 222218
318683 318685 203501
77755 77756 174373
190059 190060 243987
437872 437873 7835
346024 346025 128290
227697 227698 151346
227697 227698 340725
17692 17693 264766
376596 376597 11277
76310 76313 117041
318936 318937 86315
334229 334230 17223
334229 334230 144687
2048 2049 262967
104599 104601 302976
156234 156235 234799
61874 61875 368612
275779 275780 400210
22499 22500 424575
185831 185832 104439
379162 379163 84527
109447 109448 346306
19062 19063 436113
60016 60017 97126
316838 316839 62125
64397 64399 78986
320382 320383 52230
8226 8227 258500
151046 151047 279587
183412 183413 152563
254760 254761 130708
254760 254761 324732
197224 197225 414612
16678 16679 315396
268533 268534 178065
115987 115988 109767
415689 415690 26047
78377 78378 218273
382414 382415 159600
233687 233689 35213
447855 447857 29417
237702 237704 301815
237702 237704 399008
271894 271895 90005
444737 444740 112966
139700 139701 395916
406333 406334 132619
171619 171620 57789
231498 231499 79633
282708 282709 217952
445416 445417 299157
119312 119313 361633
126102 126103 295684
373881 373882 82063
33037 33038 20205
244071 244072 368391
73504 73505 310261
89206 89207 768
182108 182109 241739
324573 324574 388340
138024 138025 252040
43599 43600 198740
430919 430920 390302
135524 135525 193659
201514 201515 143099
404945 404946 32312
141686 141687 144294
427705 427706 238074
439624 439625 241289
439624 439625 449778
439624 439625 261127
215307 215308 382477
14036 14037 278169
187851 187853 235544
310751 310753 172899
129235 129236 102212
2563 2564 106792
287090 287091 56595
394255 394256 386972
426966 426967 164750
131598 131599 126439
255528 255529 346217
81802 81804 177841
216659 216660 67208
445873 445874 276747
89725 89726 445191
279543 279544 118
275933 275934 211910
282467 282468 340378
194537 194538 58206
273856 273857 162338
27612 27613 133320
163063 163064 446116
385812 385813 45078
126724 126725 434335
154404 154405 366479
106662 106663 7761
168906 168907 49514
205348 205349 442936
48393 48394 375495
425249 425250 340910
146576 146577 91491
416684 416685 179536
416684 416685 332500
389572 389573 166983
126685 126686 348635
103481 103482 218304
65043 65044 377102
431959 431960 309643
285907 285908 301523
193457 193458 99979
172161 172162 416262
406454 406455 176214
372373 372374 77055
445073 445074 299279
206321 206322 112576
386016 386017 384158
185771 185772 417611
201526 201528 394156
449790 449791 267871
61912 61914 49877
50597 50598 167594
393791 393792 18958
370227 370228 227295
370227 370228 290567
195216 195217 345479
195216 195217 167897
20435 20436 208915
276236 276237 56677
208748 208749 131106
304986 304987 71922
319435 319436 107563
64512 64513 409056
64512 64513 150246
212091 212092 371737
301152 301153 329605
140268 140269 429073
140268 140269 194791
33163 33164 262751
345050 345051 401882
31085 31087 352791
124095 124096 394672
377133 377134 246787
365244 365245 153616
85261 85262 179206
38635 38636 242613
404962 404963 325472
74392 74393 328343
150874 150875 177734
4847 4848 116037
189303 189304 324861
20452 20453 337946
139562 139563 314652
44986 44987 223757
31054 31055 312448
31054 31055 218120
280237 280238 203092
433644 433646 400710
351952 351953 411210
176971 176972 378390
129873 129875 14852
420930 420932 282113
159168 159169 399279
393894 393895 276468
219985 219986 287995
434577 434578 41392
407510 407511 135204
379321 379324 434651
296336 296337 11659
239237 239238 213754
2733 2734 137814
348507 348508 185439
91136 91139 15242
425102 425104 55386
413424 413425 264871
143088 143089 421943
248534 248535 324020
401988 401990 87065
77856 77857 299474
225629 225630 161192
262669 262670 59432
193254 193255 219336
119761 119764 328806
114518 114519 151138
421419 421422 415787
351372 351373 232245
34823 34824 142296
250807 250808 426158
58464 58465 225827
231904 231905 379896
363187 363189 332598
128840 128843 148914
99860 99861 404452
371614 371615 271753
30111 30112 444126
210880 210881 444068
370116 370117 304070
145864 145865 415036
145864 145865 288630
222865 222866 251832
222865 222866 14552
309900 309901 370511
319431 319432 144297
368057 368058 331142
172909 172910 241385
264894 264895 162223
305604 305605 217059
296671 296672 275660
332479 332480 67806
5889 5890 135150
136769 136770 352790
89986 89987 290599
49386 49387 120906
109579 109580 419355
292933 292934 104084
292933 292934 247978
113109 113110 230497
297103 297104 129247
252835 252836 306733
203561 203563 284194
139172 139173 129915
269675 269676 40961
111552 111553 173115
91286 91287 389255
189537 189539 381946
132610 132611 54952
80082 80083 146610
105629 105630 136165
17002 17003 135419
324069 324070 253195
310619 310620 163330
411761 411762 413433
111327 111328 437204
230678 230679 394728
164112 164113 431600
98783 98784 258440
135714 135715 319189
79724 79725 267155
380317 380318 269061
276280 276281 159668
301966 301967 194021
328244 328246 96233
13649 13650 189233
374801 374802 320306
421505 421506 172102
211482 211483 282081
257838 257839 430676
249555 249556 289481
269296 269297 398904
221119 221120 86249
87307 87308 82021
261587 261588 417257
5535 5536 321922
78886 78887 384085
381334 381335 194781
99372 99373 168277
390679 390681 377759
390679 390681 206710
366787 366788 318629
273353 273354 201334
446698 446699 392241
112935 112936 281564
76025 76027 258329
343171 343172 10894
343171 343172 230720
82288 82289 399824
373860 373861 319078
112057 112058 196433
87856 87857 248258
414463 414464 320306
27416 27417 73062
167594 167595 50597
280340 280341 9179
278547 278548 313923
117462 117464 273746
145010 145011 385816
7589 7590 449770
46951 46952 177407
266802 266803 380615
144743 144745 203933
325638 325639 69687
388471 388472 296059
124999 125000 429049
137728 137729 376429
55161 55162 8000
332864 332865 11510
19183 19184 9012
409015 409016 189001
329392 329394 185770
98182 98183 398871
187190 187191 113964
222323 222324 207582
185331 185332 42097
341348 341349 408260
84018 84019 210265
370709 370710 269443
267939 267940 406749
350168 350169 45019
203421 203422 48597
271713 271714 175093
271713 271714 79625
223276 223277 151095
420226 420227 415857
398661 398662 409098
21699 21700 210214
211373 211374 274204
211260 211261 29497
211260 211261 124126
87877 87878 221071
202890 202891 182526
139030 139031 428653
195864 195865 281496
62576 62577 204749
297599 297600 425595
277887 277888 439715
149285 149286 264527
349604 349605 393954
144822 144823 416321
342237 342238 306142
4606 4607 124021
61592 61593 105931
175486 175487 340556
241849 241851 19336
277289 277290 191226
331395 331396 435353
211354 211355 105921
371694 371695 315450
110080 110081 52164
255778 255780 33630
388242 388243 396660
337915 337917 335426
89795 89796 372546
246063 246064 56557
344169 344170 52315
178770 178771 278248
149466 149467 289103
50685 50686 226188
140937 140938 411252
99192 99193 138503
252626 252628 383952
54293 54294 100747
443428 443429 441132
344763 344764 373251
64067 64068 19928
162510 162511 240837
136294 136295 111797
136294 136295 166016
231255 231257 17345
125202 125203 436202
398324 398325 63616
156158 156159 270892
156158 156159 208120
300755 300756 164120
300755 300756 196791
170811 170812 9687
170811 170812 25527
271643 271644 419732
403503 403504 407334
89423 89424 368537
57885 57887 158858
212904 212906 68487
186291 186292 185761
112357 112358 268022
369861 369862 210627
344063 344064 58792
427552 427554 352832
222097 222098 198150
38172 38173 376721
338509 338510 58894
8788 8789 104680
282997 282998 394015
282997 282998 198014
177563 177564 188410
320053 320054 369787
145052 145053 85866
168402 168403 16523
41409 41410 385420
274136 274137 279676
164585 164586 280002
164585 164586 205215
192872 192873 326237
344233 344234 260267
432116 432117 101471
385898 385899 85286
58807 58808 236454
432422 432423 158845
412696 412697 167658
147155 147156 82305
438633 438634 305442
383836 383837 226258
62618 62619 204527
44499 44500 41685
380340 380341 8534
368628 368629 233590
167383 167384 419854
321194 321195 269398
59058 59059 417886
438621 438622 301939
391120 391121 174195
354441 354442 5124
325821 325822 161106
365670 365671 270031
205914 205915 188635
217527 217528 272636
253156 253157 132866
280756 280757 352707
161903 161904 293211
393568 393569 356921
367598 367600 34149
15278 15280 25887
182228 182229 253487
182228 182229 328435
436138 436139 379739
147320 147322 334684
103597 103598 87872
275558 275559 229936
164957 164958 301745
60510 60511 29604
153613 153615 173534
96836 96837 426547
30930 30932 47691
441840 441841 195826
408425 408426 158330
383207 383208 127619
13421 13422 122483
234343 234344 7238
132268 132269 79725
435756 435757 32738
243321 243322 328121
143295 143296 80993
341672 341673 59035
56592 56593 132534
56592 56593 313978
297944 297945 384832
369661 369662 202576
86676 86677 259918
58414 58415 332221
264565 264566 85848
264565 264566 446659
264565 264566 382634
315512 315513 187834
114094 114095 13977
258242 258243 154085
398438 398439 234630
194017 194018 244416
445268 445270 99631
352955 352956 308170
441507 441508 30598
325648 325649 446358
347828 347829 99785
17289 17290 197202
68425 68426 126276
212018 212019 320672
171911 171912 159164
332614 332615 230012
216844 216845 434674
97855 97856 11167
52342 52343 66117
304646 304647 130492
57605 57606 232566
385222 385223 152259
264126 264127 242368
408071 408072 187034
18098 18099 97273
61158 61159 420249
61158 61159 80080
105458 105459 381273
39608 39609 326862
56772 56773 277288
148469 148470 35311
110263 110264 276143
110263 110264 340345
153760 153761 305217
308743 308746 342474
230748 230749 168237
234852 234853 85389
123778 123779 252179
295557 295559 182925
84 85 322587
388800 388802 373438
322372 322373 208931
179256 179257 9997
157917 157919 376906
212139 212141 332964
74532 74534 234726
410911 410912 5048
134220 134221 127548
20579 20580 398802
66847 66848 328264
232432 232433 20992
210733 210734 277406
210733 210734 248010
27363 27365 189270
91552 91553 326539
446098 446099 216522
163626 163627 436944
358642 358645 388189
161645 161647 130348
65155 65157 110242
433409 433411 22919
140237 140238 301953
140237 140238 258066
18387 18389 435412
378590 378591 172783
26059 26060 112135
279918 279919 91249
165843 165844 307409
84858 84859 92509
199829 199830 382225
163455 163456 9241
425902 425903 216725
169713 169714 365161
81758 81759 294149
417886 417888 59058
376539 376541 43390
148932 148934 32050
271996 271997 267988
197805 197806 226635
337435 337436 307929
337435 337436 439437
337435 337436 304315
123698 123699 379627
138885 138886 339048
288230 288231 272380
175210 175211 20657
46624 46625 77807
441074 441075 59018
396836 396837 8257
416282 416283 335902
84626 84627 343843
389552 389553 48434
81289 81290 165255
289089 289090 150843
77241 77242 284860
176011 176012 389658
184333 184335 257358
390069 390070 122954
96368 96369 279715
96368 96369 28622
297609 297610 408320
305209 305210 241996
115948 115951 283034
225363 225364 214856
65303 65304 45674
65303 65304 261598
223160 223161 365080
378148 378149 265746
247167 247168 209978
416332 416333 62829
22006 22007 417454
92788 92789 61324
416372 416373 439358
105461 105462 142917
170972 170973 256388
48110 48111 284563
48110 48111 436724
401077 401079 281447
425780 425781 316968
425780 425781 158392
162944 162945 183349
204749 204750 62576
346334 346335 52184
33943 33944 397589
46689 46690 294112
159494 159495 190750
39210 39211 202177
220321 220323 60221
220321 220323 230374
83855 83856 38932
23948 23949 388947
145104 145105 69366
53453 53454 285025
53453 53454 438273
364852 364854 228427
446315 446316 114010
353382 353383 189086
192441 192442 355351
42573 42574 166908
155971 155972 327481
298260 298261 275496
85179 85180 57548
76427 76428 44652
76427 76428 94728
283015 283016 380789
51430 51431 58319
159318 159319 286577
79038 79039 385597
181401 181402 159857
56885 56886 303924
208219 208220 213937
144294 144295 141686
152985 152986 324964
372779 372780 309891
144151 144153 413043
248620 248623 416473
152333 152334 176209
291546 291547 176469
17497 17498 338218
106751 106753 71720
275671 275672 425815
275891 275892 276234
150690 150691 276462
376587 376588 18458
376587 376588 189881
8995 8996 74269
151706 151707 97853
102539 102540 371928
289449 289450 105158
41522 41523 25712
423375 423376 273617
407773 407774 342753
219304 219305 186826
176968 176970 300672
209324 209325 402914
229645 229646 268293
92479 92480 433455
428393 428394 184727
215428 215429 17876
181771 181772 139080
254554 254555 380175
391731 391732 183749
270583 270584 411326
60377 60378 307515
376695 376696 365824
411706 411707 382482
381640 381641 296723
448724 448725 206941
382838 382839 194524
340840 340841 329353
31927 31928 138640
173727 173728 154731
173727 173728 333649
157103 157105 200727
157103 157105 57695
321282 321283 26806
65099 65100 82115
130657 130658 389322
98897 98898 276877
210993 210994 301805
364347 364348 188413
334871 334872 179293
168515 168516 214161
136151 136152 151545
426417 426418 410565
48932 48933 231378
246816 246817 385649
295517 295519 285466
275261 275262 124560
271709 271710 245433
143242 143243 58520
143242 143243 108442
143242 143243 45669
171477 171478 80440
171477 171478 331626
171477 171478 167725
349425 349426 304130
94988 94989 64592
93590 93591 49285
205208 205209 336539
328315 328316 83266
387863 387866 139977
172983 172984 332363
172983 172984 299350
145961 145962 8564
429474 429476 68342
246085 246086 380926
228371 228372 168742
321431 321432 56146
204201 204202 175624
204201 204202 229955
176902 176903 58040
203532 203533 57977
342662 342663 420199
133957 133958 215718
388569 388571 291147
190976 190977 370752
50708 50709 43801
352496 352497 96049
7831 7832 191145
367632 367633 29151
439197 439198 58057
56590 56591 313134
259292 259293 422078
17169 17170 251988
268656 268657 415815
398863 398864 398003
213456 213457 46458
213456 213457 82605
324542 324543 159711
305537 305539 13116
243593 243594 362711
50756 50757 379856
240197 240198 35146
370106 370108 15470
370106 370108 396567
344171 344172 190669
61817 61818 313835
417764 417765 44116
159414 159415 100856
143426 143427 441278
262710 262711 241419
274625 274626 371594
283203 283204 201207
283203 283204 193570
441836 441838 57903
202576 202577 369661
166417 166418 268985
139111 139112 309523
174564 174565 258275
85287 85288 28865
45120 45121 81815
36447 36448 385426
427062 427063 93181
84126 84127 182214
141078 141079 378449
369790 369791 354207
216268 216269 214144
233340 233341 260755
191136 191137 371494
299580 299581 410218
180689 180690 68857
180689 180690 161740
119667 119668 391720
434328 434329 163300
327988 327989 115353
196493 196495 113722
66478 66481 275745
378819 378820 191530
38188 38189 403647
366551 366552 46753
339056 339058 386902
404390 404391 274054
94622 94623 136081
415723 415724 6131
247383 247384 24827
423856 423857 389771
286644 286646 301632
293398 293399 274653
384773 384774 255596
101986 101987 134919
301976 301977 179802
165718 165719 399310
440268 440269 169150
233950 233951 217831
178722 178723 162199
50430 50431 281438
190847 190848 283621
137476 137477 397723
440058 440059 398428
355719 355723 242463
355719 355723 351971
342721 342722 272432
319362 319363 351432
317178 317179 354373
389682 389683 272096
381971 381972 168688
172510 172511 23101
33101 33102 392552
157530 157531 144050
99061 99063 267989
99061 99063 112044
47752 47753 97198
417808 417810 45947
61139 61140 165401
137105 137106 279645
44540 44541 271692
111778 111779 29881
218080 218081 224643
354876 354877 245458
48770 48771 28567
48770 48771 273938
205593 205594 364817
305200 305201 11949
87321 87322 64398
27866 27867 29839
