381080 381081 56663
317901 317902 121083
183749 183750 339657
190883 190884 113846
405796 405797 365535
192563 192564 57155
356892 356893 431010
337070 337071 186291
281420 281421 371300
93061 93062 355529
96426 96427 300049
244638 244639 153496
343521 343523 8306
222053 222054 109163
391341 391342 85941
189185 189186 133008
235638 235639 227365
60136 60137 369609
422898 422899 3383
355258 355260 136399
229939 229941 305633
216391 216392 449292
439400 439401 354816
179277 179278 389068
208990 208991 267113
239299 239300 127182
345662 345665 383702
228325 228326 187859
415751 415752 243271
205174 205175 90042
82416 82417 279552
288828 288830 127976
191353 191354 58912
172974 172975 314363
417087 417089 67913
63286 63287 226575
237156 237159 313050
397096 397097 41426
