118736 118737 254138
392911 392912 97454
438737 438738 294047
438737 438738 230822
51330 51331 170019
215550 215551 22691
91482 91483 120570
94554 94555 283809
315977 315978 81940
117747 117749 443447
216225 216226 239682
296366 296367 128926
125980 125982 27121
435102 435103 342146
23727 23728 150100
281793 281794 72689
289119 289120 205569
237110 237111 372677
345925 345926 234762
82726 82727 54908
323805 323806 78561
299990 299991 265086
6358 6359 1477
436807 436808 800
29421 29422 218875
317678 317679 1623
386268 386269 161394
109267 109268 363199
62887 62888 180558
401376 401377 17909
80162 80163 211271
38977 38978 429245
211923 211924 137268
391103 391104 432438
399272 399273 291928
359201 359202 123686
231209 231210 295850
361440 361441 387316
179906 179907 218003
148955 148956 113086
249132 249133 110721
232674 232675 284623
310111 310113 25412
446445 446446 171051
150406 150407 426183
183837 183838 38445
307592 307593 309289
10677 10679 236743
101061 101062 35507
115704 115705 422494
415640 415641 191873
378271 378272 296782
140373 140374 179987
150840 150841 314278
6510 6511 95069
52004 52006 82065
138250 138251 243413
382999 383000 339950
179165 179166 241302
196540 196541 3971
428256 428257 224360
33923 33924 304899
346336 346337 348513
418302 418306 265091
223740 223741 135008
79874 79875 387007
118386 118389 405332
445609 445610 69836
438234 438235 178701
138881 138882 56075
381981 381982 388147
320295 320296 293364
320295 320296 8706
202854 202855 369101
214225 214226 48127
182129 182130 185298
182129 182130 440411
274136 274137 423512
20974 20975 171438
137804 137805 101088
87142 87143 88686
247443 247444 367976
143433 143434 148868
143433 143434 261531
331241 331242 88794
31326 31327 303955
316895 316896 143486
89550 89551 254411
153463 153464 346088
243336 243337 228819
326081 326082 217415
359364 359367 197130
424852 424853 79795
278666 278667 74073
42855 42856 173235
250922 250923 431861
191332 191334 388910
65957 65958 61115
30801 30802 389072
52520 52521 258658
169353 169354 79679
189057 189058 240111
437713 437714 271599
78852 78853 408024
58859 58860 265046
268687 268688 234051
271657 271658 378092
161976 161978 348379
68280 68281 389534
105082 105083 190118
19052 19053 127637
277167 277168 340627
56690 56691 67959
322277 322278 268778
8530 8531 374993
163664 163665 252501
252487 252488 149694
252487 252488 20397
419465 419466 263291
207374 207375 213437
320033 320034 32517
135474 135475 337828
50199 50200 324382
379512 379513 79480
247331 247332 23971
173967 173968 122622
367286 367287 150231
94691 94692 450087
55751 55752 156904
357189 357190 162772
310914 310915 331201
420883 420884 443605
137552 137553 302328
180049 180050 301950
36650 36651 384134
302504 302505 34332
78990 78991 435791
261084 261085 86623
297675 297676 273095
263285 263286 331447
12660 12661 271763
222742 222743 151377
199589 199590 330355
69990 69991 278100
33799 33800 7089
339876 339877 106939
339876 339877 71188
167170 167171 373431
382138 382139 430561
156705 156706 309524
300593 300594 407895
50895 50896 24766
308295 308296 148009
320091 320092 43559
125640 125641 241968
119449 119450 55582
180386 180387 273706
162528 162529 425551
109834 109836 46586
304761 304763 432513
393293 393294 100177
381402 381403 435374
252235 252236 195396
249755 249756 79972
137513 137514 153652
274116 274117 80860
291411 291412 356753
418487 418488 236219
94013 94014 230853
283607 283608 230666
172809 172810 134724
5469 5470 53866
64843 64844 33332
64843 64844 272132
309166 309167 195561
225508 225509 43202
344845 344847 361076
327845 327846 117995
309931 309932 176880
339220 339221 290829
79556 79557 156363
449383 449384 189930
349552 349553 122660
36967 36968 435187
147268 147269 389809
200958 200959 398947
425310 425311 120551
57381 57382 48740
141206 141207 399497
141206 141207 152956
57909 57910 157565
278090 278091 210322
186818 186819 233257
3257 3259 196373
375805 375806 216541
260709 260710 187800
224806 224807 260673
146926 146927 257333
335533 335536 254205
271679 271680 433775
227280 227281 317572
442846 442847 382324
56381 56382 180508
83959 83961 182862
290834 290836 153171
211046 211047 411823
111503 111504 241985
3429 3431 268113
423623 423624 46376
341026 341027 425724
51708 51709 284238
77362 77363 202542
284573 284574 221150
274769 274770 75267
361971 361972 136918
47449 47450 52682
152907 152909 208290
310484 310485 267433
404388 404389 272211
117994 117995 111888
420150 420152 365260
365315 365316 92234
365315 365316 376848
28636 28637 448607
361295 361297 411466
361295 361297 143754
6238 6239 294823
6238 6239 47577
77555 77556 362347
50703 50704 33463
320971 320972 446364
148558 148559 77048
163095 163096 227711
153966 153967 352417
273706 273707 180386
256517 256518 439029
367976 367977 247443
385569 385570 184237
94264 94265 66550
199575 199576 51921
400790 400791 274933
61848 61849 10188
424064 424065 60960
439475 439476 105217
124463 124464 326606
216590 216591 273251
203246 203249 251064
365510 365512 36392
229187 229188 280833
150234 150235 284207
141923 141924 365298
438906 438907 324197
40739 40741 109388
134688 134689 323636
186878 186879 315554
181289 181290 194331
436102 436103 389768
54431 54432 131131
398608 398609 162971
59154 59155 329752
11806 11807 408719
410407 410408 185715
243222 243223 26192
34220 34221 376966
34220 34221 162509
292621 292622 408219
284387 284388 332454
186820 186821 286559
364753 364754 10925
26993 26994 302334
387258 387259 109067
44027 44029 70385
102190 102193 357054
46451 46452 99362
291938 291939 272531
302660 302661 445758
210205 210206 104569
220542 220543 338982
34090 34091 126182
133587 133588 361612
279804 279805 200810
28767 28768 209958
414798 414799 272368
78084 78085 84361
262908 262909 325985
22807 22809 409337
266371 266372 301781
58184 58185 335925
5477 5478 321902
186344 186345 47150
168125 168126 311514
185622 185623 276907
252041 252042 56431
70900 70901 367573
348025 348026 283299
402671 402672 284229
48173 48174 424536
211390 211391 325023
280670 280671 239268
226560 226561 324204
226560 226561 353721
203097 203098 146477
185696 185697 60297
91607 91609 140849
38376 38377 97748
116959 116960 5886
372236 372237 435059
28970 28971 178506
53546 53547 385479
379149 379151 141556
251937 251938 244440
441375 441377 338867
27633 27634 412935
266710 266711 126765
296673 296674 64681
395174 395175 158861
243378 243379 139945
389467 389468 411924
332089 332090 422113
86071 86072 69235
86071 86072 92989
330373 330374 392027
260767 260768 32943
427922 427923 145729
18800 18801 226086
329225 329226 53966
274097 274098 298883
207561 207564 407502
384695 384696 397241
63428 63429 182858
163943 163944 362322
428607 428608 328329
326791 326792 441057
111007 111010 329843
388242 388243 69840
143045 143046 426719
243155 243156 95544
223174 223175 438257
72526 72527 381917
97476 97477 337148
282305 282306 224267
250407 250408 6026
391250 391251 142369
300305 300306 214525
81963 81964 282385
204787 204789 284518
292754 292755 229426
272298 272299 290192
180793 180794 14741
271631 271632 329289
126266 126267 207441
316289 316290 106559
324980 324981 405812
317767 317768 292686
82065 82066 52004
43599 43600 222820
243085 243087 315785
369261 369262 160399
134707 134708 323682
38274 38276 133701
335275 335276 351796
290843 290844 296318
164876 164877 119602
418226 418227 91418
120322 120323 128505
274679 274680 447086
393561 393562 387310
204024 204025 164824
95907 95908 331484
241879 241880 230716
157453 157454 5446
380039 380040 438652
17870 17871 295451
62278 62279 300484
361756 361757 31615
696 697 227367
106002 106003 181994
106002 106003 373083
220140 220141 18482
137095 137096 5736
339820 339822 46028
107168 107170 402259
109590 109591 321509
405445 405446 191338
373529 373530 263016
186626 186627 80377
176725 176726 50739
209177 209178 426493
4183 4184 371272
26525 26526 300629
198348 198349 27713
313139 313140 348589
10144 10145 216446
296776 296777 405700
15965 15966 227584
124876 124877 268426
50739 50740 176725
351319 351320 279354
283531 283532 290849
58779 58780 437496
149017 149018 268813
69527 69528 187365
155720 155722 392349
435825 435826 426096
291115 291116 297574
261425 261426 349683
143950 143951 335560
174331 174332 398312
366894 366896 175330
22845 22847 368245
171369 171370 435814
79846 79847 117074
79846 79847 123384
316074 316075 9367
258921 258922 204952
276413 276414 90851
386200 386201 437817
60707 60708 95776
58868 58869 272782
116872 116873 296273
268028 268029 391026
112712 112713 331042
82659 82660 195784
418178 418179 164249
430342 430344 138974
41372 41373 368637
144834 144835 395472
164824 164825 204024
337606 337607 199522
438813 438814 294288
438813 438814 350144
437606 437607 262814
364701 364702 22448
391581 391582 126199
277639 277640 53342
196242 196243 128064
52157 52158 38278
448619 448620 205395
62023 62024 166839
261390 261391 167679
261390 261391 353270
312559 312560 138070
400714 400715 350723
54574 54575 147210
183177 183178 233432
84747 84748 19617
64112 64113 380458
277117 277118 148953
426775 426776 228095
82458 82459 369372
234287 234289 101087
227367 227370 696
26035 26036 203082
349798 349799 204712
269708 269710 69553
297411 297412 431343
188695 188696 17414
45201 45202 367089
312785 312788 60860
349570 349571 88537
31957 31958 150016
98564 98565 373391
141855 141856 281692
411996 411997 238087
411996 411997 257034
370472 370473 132557
259623 259624 313685
248094 248096 36806
138195 138196 295556
86231 86232 377821
217843 217844 273119
25209 25211 261605
353974 353975 190208
301781 301782 266371
130784 130786 429918
88460 88461 136092
70212 70213 107371
164675 164677 373724
161226 161227 416125
268440 268441 281328
438225 438227 147006
419350 419351 71656
419350 419351 98288
208963 208964 221929
30718 30719 400138
201573 201575 153974
168716 168717 275450
144793 144794 45599
302837 302838 439222
44633 44634 263051
444474 444475 338728
395257 395258 64000
64861 64862 49708
269768 269769 40137
399419 399420 59953
384999 385000 163513
60126 60127 358561
294842 294843 81701
401455 401456 398732
274712 274713 52522
280580 280581 178138
101358 101359 231146
216345 216346 266538
68677 68679 19972
68189 68190 108099
106620 106622 336227
263579 263580 222458
12054 12055 362409
12054 12055 22376
129340 129341 29407
58307 58308 103569
383001 383002 395450
29876 29877 367774
84160 84161 323372
380118 380119 337710
354829 354830 414809
205104 205105 180077
408964 408966 399721
373959 373960 3266
77601 77602 148138
219829 219832 288913
195726 195727 58102
381609 381610 51559
61078 61079 88131
388005 388006 223262
193132 193133 277887
59118 59120 153884
223625 223626 405266
217274 217275 78680
281909 281910 183614
217050 217051 86280
