405312 405313 384369
174408 174410 119345
81554 81555 171971
325105 325106 29564
180443 180444 173784
424983 424984 235916
431015 431016 337257
99120 99121 360962
144902 144903 5144
54256 54257 257495
184556 184557 128428
118975 118976 86336
244417 244419 102467
42774 42776 113161
413731 413732 28212
63357 63358 357493
85430 85431 154351
152626 152627 229419
292767 292768 152563
277295 277296 59110
85383 85384 398365
60610 60611 210766
385947 385948 446520
45241 45242 113291
40108 40110 398273
297559 297560 164650
392689 392697 280296
2776 2777 290504
381393 381394 48510
3762 3763 243565
369758 369759 341476
99735 99736 421226
334825 334828 172741
152219 152220 233006
130496 130497 151755
235825 235826 361143
102833 102836 448983
97761 97762 125148
283894 283895 39796
207237 207238 416093
178444 178445 198496
431052 431053 214013
312858 312859 229302
85108 85109 369739
139890 139891 138182
426772 426773 19398
321231 321233 262046
270538 270539 292428
326087 326088 434808
306792 306793 199081
281092 281093 271271
159647 159648 172273
167840 167841 56768
139269 139270 272508
417361 417362 135639
412318 412319 366923
262810 262811 222629
445073 445074 376927
445073 445074 447626
78395 78396 260428
371729 371730 201129
168816 168818 190930
7210 7211 226086
156344 156345 8033
352823 352824 193290
105393 105394 163144
267972 267973 91964
284504 284505 439159
195123 195124 170541
17061 17062 295976
427498 427499 445297
143973 143975 103763
190277 190278 119521
304401 304402 151182
44624 44625 88197
82095 82096 69652
365001 365006 420799
178932 178933 373060
275577 275578 195093
391158 391159 395527
197685 197686 270146
331594 331595 33376
20773 20774 265530
150276 150277 25359
212268 212269 41813
60250 60251 108818
13137 13138 3072
271727 271728 124377
154856 154858 314910
254732 254733 69384
178121 178122 131931
424203 424205 400088
121075 121076 444107
373620 373621 448752
276677 276678 331233
379742 379744 113160
90308 90309 164805
149047 149048 412184
193400 193401 147855
172880 172881 132513
211877 211878 349904
429330 429331 68386
377022 377023 155015
151188 151189 141017
205251 205252 141526
85140 85142 290941
323512 323513 344256
198390 198391 434874
77810 77811 144615
10793 10795 2116
176781 176784 390912
385263 385264 222415
164100 164101 105771
310564 310565 378790
130382 130383 316727
272380 272381 381131
399721 399724 114185
21961 21962 121200
279230 279231 351263
179848 179849 142907
183890 183891 234440
25268 25269 17380
28748 28749 289343
135652 135653 205030
135652 135653 85075
