4.62971305847168 8.094796180725098
2.4537644386291504 6.431863307952881
6.796026229858398 9.068330764770508
6.088090896606445 9.363985061645508
4.688483238220215 7.9333577156066895
6.939968109130859 8.235742568969727
9.1157865524292 9.653426170349121
5.003334045410156 7.7132792472839355
6.387133598327637 8.091965675354004
6.316686153411865 8.481678009033203
7.747215270996094 8.002532958984375
9.367262840270996 8.126924514770508
7.297338008880615 8.653127670288086
6.620430946350098 9.474372863769531
7.586948871612549 9.850822448730469
3.0485382080078125 8.149588584899902
7.898049831390381 7.702629566192627
4.515631675720215 8.512158393859863
6.636749267578125 8.890700340270996
7.853796005249023 8.235062599182129
5.550663948059082 8.3164701461792
3.635113477706909 8.82404613494873
3.330392360687256 6.0467987060546875
4.7567853927612305 6.557901382446289
3.6204917430877686 11.929055213928223
6.901753902435303 8.50625991821289
4.614748477935791 7.523728847503662
5.459486484527588 8.818321228027344
6.958240032196045 9.876619338989258
8.309013366699219 7.18169641494751
6.397898197174072 8.63779067993164
10.128823280334473 7.752490043640137
8.65406608581543 7.016262054443359
4.718422889709473 6.93779182434082
2.837984323501587 8.752664566040039
5.000090599060059 8.418575286865234
9.705440521240234 7.558992385864258
6.682745933532715 7.454933166503906
2.0887129306793213 8.690265655517578
7.627946376800537 9.943169593811035
7.768603324890137 6.342113971710205
9.517999649047852 8.090095520019531
4.199906826019287 8.75559139251709
8.42194938659668 9.944442749023438
3.7872939109802246 6.363253593444824
6.717931270599365 8.158260345458984
3.9409377574920654 9.36556625366211
8.319242477416992 7.925142288208008
7.9453206062316895 7.244752883911133
6.40843391418457 7.807065963745117
9.84151554107666 8.449773788452148
7.319797515869141 6.6659932136535645
10.77286148071289 7.3935160636901855
7.0728983879089355 8.851654052734375
4.8084588050842285 8.428037643432617
8.369406700134277 9.362153053283691
6.605551719665527 6.696364879608154
5.449197292327881 8.723287582397461
6.696327209472656 5.810014724731445
6.941455841064453 9.700502395629883
3.6300957202911377 8.2046480178833
6.596074104309082 8.201669692993164
7.632749080657959 8.437702178955078
7.360495090484619 6.1371355056762695
9.80629825592041 11.424890518188477
5.87288236618042 11.414573669433594
5.898733615875244 9.216846466064453
7.798212051391602 7.3783063888549805
4.805446624755859 7.908849239349365
3.885939121246338 5.990185737609863
6.38122034072876 9.74728775024414
7.222582817077637 8.696577072143555
7.505724906921387 6.023432731628418
7.419467926025391 8.043869972229004
7.019460678100586 7.596368312835693
8.403566360473633 9.19882869720459
8.321622848510742 9.577529907226562
5.992035865783691 9.1171236038208
5.168084621429443 8.626267433166504
6.33925724029541 6.121715545654297
7.871524333953857 10.206703186035156
4.849038600921631 8.544428825378418
8.143208503723145 8.544524192810059
3.559756278991699 10.373583793640137
9.727725982666016 11.745182037353516
8.47204303741455 7.305499076843262
4.9921393394470215 8.05176830291748
9.219620704650879 6.952489852905273
7.4916205406188965 7.372441291809082
7.602604866027832 9.18660831451416
6.504443168640137 7.082757949829102
5.058605670928955 6.426734924316406
7.337282657623291 7.898290634155273
6.122635364532471 8.084979057312012
6.929086208343506 7.185942649841309
5.908588409423828 7.402606964111328
3.6339380741119385 8.605030059814453
7.9414191246032715 7.183201789855957
7.073197364807129 8.175556182861328
8.853278160095215 7.870114326477051
4.23514986038208 7.83962345123291
3.1932148933410645 7.646567344665527
8.038246154785156 9.772254943847656
9.038385391235352 11.010337829589844
7.508685111999512 7.118652820587158
8.639216423034668 7.4835615158081055
8.69273567199707 8.422523498535156
4.903294563293457 7.199365139007568
7.916210651397705 6.480155944824219
3.5459725856781006 9.953764915466309
2.887003183364868 8.783243179321289
5.289987087249756 7.860767364501953
6.869385242462158 6.20631742477417
9.359457969665527 8.828716278076172
4.452976226806641 9.485993385314941
7.715832233428955 8.116337776184082
5.0503950119018555 7.568631649017334
3.899362802505493 6.837076663970947
8.247426986694336 9.143237113952637
4.462629318237305 9.335308074951172
1.841289758682251 6.951925754547119
9.249185562133789 9.0103120803833
6.6406049728393555 8.344160079956055
6.726058483123779 10.057638168334961
6.261059761047363 7.883327484130859
5.94922399520874 8.737951278686523
9.453393936157227 8.136520385742188
7.681694984436035 10.16726303100586
5.552679538726807 10.54379940032959
5.361128330230713 7.291049957275391
3.0352115631103516 7.97974967956543
6.244289875030518 10.230793952941895
8.346034049987793 7.947318077087402
6.864599227905273 8.961631774902344
7.356642723083496 10.771783828735352
7.680853366851807 7.449308395385742
7.534974575042725 6.336572170257568
9.603057861328125 8.630987167358398
7.018726348876953 11.431337356567383
7.967528343200684 9.75685977935791
5.899287223815918 10.507218360900879
6.107725620269775 7.392487525939941
9.672926902770996 10.34294605255127
6.421324729919434 7.613226413726807
8.807890892028809 7.075372695922852
5.763500690460205 6.9944257736206055
9.355134963989258 7.287942409515381
6.726659297943115 5.523952484130859
8.575129508972168 8.120031356811523
5.985887050628662 6.656418800354004
7.810363292694092 7.82870626449585
7.580768585205078 8.961631774902344
4.939723014831543 8.06788444519043
4.494521141052246 6.3770527839660645
6.248059272766113 7.751648426055908
5.949794769287109 9.303117752075195
8.043834686279297 7.141458988189697
5.103638648986816 7.372304916381836
6.302708625793457 9.907285690307617
8.309170722961426 8.3681001663208
7.648733139038086 7.9434003829956055
3.443420886993408 9.190715789794922
5.766026020050049 7.444657802581787
4.510069847106934 9.279890060424805
6.641683578491211 8.098023414611816
8.942679405212402 7.178620338439941
7.6836700439453125 9.195555686950684
2.8489723205566406 7.033758640289307
6.1272501945495605 8.673002243041992
7.579892635345459 7.567419052124023
8.880948066711426 5.073617458343506
6.5756096839904785 9.473688125610352
7.0164794921875 7.961868762969971
7.903128147125244 8.055985450744629
6.07810115814209 10.70810604095459
6.3889265060424805 8.48269271850586
8.015153884887695 7.772263050079346
7.945688247680664 8.449514389038086
6.219661712646484 9.791436195373535
10.49871826171875 8.14774227142334
8.318711280822754 6.170405387878418
5.507240295410156 8.797622680664062
9.066784858703613 8.603352546691895
6.749957084655762 7.7056965827941895
3.4639334678649902 7.652371883392334
5.76678466796875 8.272424697875977
6.334439277648926 7.328282356262207
7.057826995849609 10.877832412719727
2.3157103061676025 8.757442474365234
8.526888847351074 8.000399589538574
5.949410438537598 8.234655380249023
7.045106887817383 7.616028308868408
10.250588417053223 7.602762222290039
6.24796199798584 5.739178657531738
8.132640838623047 11.648107528686523
6.3491716384887695 8.257261276245117
6.750685214996338 9.972448348999023
3.6505672931671143 7.651052951812744
10.6448392868042 9.553176879882812
7.137043476104736 7.07343864440918
6.182775497436523 7.697317123413086
3.8966073989868164 7.984401226043701
8.064292907714844 7.732001304626465
8.05766487121582 11.587557792663574
4.3323493003845215 7.802475929260254
6.769808769226074 10.751984596252441
4.606472015380859 10.099202156066895
6.847684860229492 9.850485801696777
6.5210418701171875 7.940883159637451
7.133360385894775 8.150949478149414
7.747215270996094 8.590803146362305
1.8988808393478394 7.233929634094238
4.964219093322754 7.838265895843506
3.9198431968688965 9.668659210205078
9.650951385498047 6.919972896575928
0.7811766266822815 7.14647912979126
8.5468168258667 9.890872955322266
8.808913230895996 9.625646591186523
7.200659275054932 8.235546112060547
8.087274551391602 9.171698570251465
8.148659706115723 8.20071792602539
3.709092617034912 8.070342063903809
6.134700298309326 7.361736297607422
7.8393473625183105 7.005174160003662
2.067617893218994 7.399071216583252
8.527045249938965 7.797489166259766
7.247554302215576 7.022363662719727
6.166784763336182 9.188627243041992
2.16827392578125 7.642289638519287
5.102428436279297 7.593331813812256
5.043916702270508 8.96094799041748
9.7135009765625 6.657723426818848
7.482453346252441 7.891575336456299
7.141465663909912 8.89259147644043
8.721846580505371 10.324682235717773
3.5432944297790527 8.754997253417969
5.7606520652771 7.23392391204834
8.216143608093262 6.318426132202148
7.389457702636719 9.784256935119629
7.77733039855957 12.51956558227539
3.321634292602539 7.938061237335205
4.518222808837891 7.868402004241943
8.524755477905273 10.003239631652832
8.993389129638672 9.59583568572998
5.770534515380859 7.249138832092285
4.800004959106445 10.640981674194336
5.233946800231934 8.912176132202148
3.5311460494995117 8.394979476928711
7.704760551452637 7.308860778808594
7.927443504333496 7.879851818084717
8.621557235717773 4.956610679626465
5.053654670715332 10.69739055633545
8.334630012512207 8.263193130493164
5.301243305206299 6.519657611846924
7.952542304992676 9.279561996459961
8.675373077392578 9.49891471862793
5.91691780090332 8.766193389892578
7.038402557373047 5.893662929534912
9.454631805419922 8.14023208618164
3.2425312995910645 8.302860260009766
6.085622310638428 7.187136173248291
4.312196731567383 9.229288101196289
6.596837043762207 6.607674598693848
6.7946271896362305 9.044059753417969
7.818242073059082 7.687479019165039
7.35209846496582 9.564697265625
6.1413373947143555 8.139034271240234
6.817755222320557 8.214591026306152
5.065291881561279 8.611788749694824
7.159417629241943 8.117494583129883
7.79937744140625 9.335189819335938
9.01506519317627 9.524251937866211
8.924799919128418 9.675521850585938
7.534494876861572 7.030055046081543
5.260141372680664 10.134321212768555
7.507253170013428 7.7104692459106445
6.452406883239746 6.41884708404541
5.5352678298950195 7.504380226135254
7.503293037414551 10.026968002319336
9.151090621948242 9.949701309204102
5.697152137756348 8.304486274719238
4.6789445877075195 8.887228965759277
4.412226676940918 8.786728858947754
2.542325735092163 8.241779327392578
9.049627304077148 8.627642631530762
7.152034759521484 7.2468976974487305
6.915669918060303 10.192167282104492
4.128904819488525 8.536255836486816
8.908742904663086 7.178070545196533
7.724231719970703 8.143991470336914
8.273482322692871 9.189359664916992
4.022493839263916 6.542971611022949
5.310072422027588 8.08165168762207
5.03696870803833 9.520750045776367
10.203895568847656 8.488863945007324
3.597512722015381 7.176440715789795
6.851010322570801 9.840238571166992
10.785197257995605 8.409034729003906
5.54179573059082 9.597542762756348
8.457273483276367 9.388083457946777
5.266369819641113 7.843856334686279
3.507603883743286 8.483926773071289
4.235217094421387 9.601184844970703
7.131983757019043 6.908957004547119
5.593052387237549 8.070589065551758
6.638190746307373 7.07155704498291
5.919933795928955 8.172792434692383
7.107761859893799 7.519279479980469
3.683572769165039 5.514038562774658
10.90887451171875 8.1566743850708
8.428777694702148 7.44596004486084
9.073488235473633 9.556574821472168
6.926262855529785 5.881203651428223
5.013375759124756 7.15163516998291
8.967288970947266 10.858695983886719
4.633975505828857 8.17036247253418
2.96950101852417 7.489386081695557
4.690110206604004 6.585119247436523
6.680755615234375 8.548486709594727
5.731632709503174 11.745147705078125
9.384485244750977 8.792171478271484
7.922785758972168 9.514118194580078
7.995079517364502 6.787377834320068
9.145905494689941 7.696486473083496
9.638419151306152 6.881230354309082
8.795428276062012 9.345165252685547
8.580887794494629 7.094439506530762
7.600764274597168 7.999790191650391
5.731872081756592 6.892601490020752
5.384921073913574 10.284018516540527
4.891538619995117 9.896318435668945
8.845489501953125 9.756742477416992
7.515645980834961 8.707608222961426
7.391663074493408 11.275531768798828
7.9473347663879395 8.978397369384766
6.896835803985596 9.340133666992188
9.079750061035156 10.305313110351562
7.952690601348877 7.427846908569336
7.562788009643555 11.021353721618652
4.393894195556641 7.072349548339844
6.707803726196289 5.4254469871521
6.130368709564209 6.072809219360352
6.06302547454834 8.991202354431152
2.7393181324005127 8.948465347290039
8.793251991271973 7.444538593292236
10.474510192871094 10.35797119140625
6.869846820831299 6.636386871337891
8.307231903076172 8.10831356048584
3.4915077686309814 7.557514190673828
5.837919235229492 8.634458541870117
6.4545793533325195 6.182749271392822
8.032316207885742 7.6041483879089355
6.883533000946045 6.37172269821167
5.657883167266846 9.513778686523438
7.772032260894775 8.539412498474121
9.22661018371582 8.181493759155273
6.006235122680664 6.150815963745117
8.86272144317627 7.523788928985596
6.312932014465332 6.403835296630859
4.2356276512146 8.499100685119629
3.3607451915740967 7.94546365737915
9.032671928405762 6.659186363220215
6.516222953796387 6.505374431610107
6.010052680969238 6.621679306030273
5.9039835929870605 8.200766563415527
7.4010515213012695 6.885436534881592
6.79016637802124 7.019013404846191
4.903797149658203 8.42508316040039
8.068309783935547 7.804525852203369
4.708540916442871 8.637838363647461
7.305497646331787 7.8437180519104
7.735623836517334 9.141971588134766
6.844689846038818 7.495065689086914
5.7120442390441895 8.308384895324707
2.638554096221924 6.855300426483154
5.116058826446533 7.028395175933838
10.080388069152832 8.895639419555664
3.043473482131958 6.222353935241699
9.64761734008789 7.970709800720215
8.790369033813477 7.88776159286499
9.424863815307617 7.142978668212891
6.033377647399902 7.367086887359619
7.244392395019531 9.057256698608398
9.741878509521484 7.105463027954102
9.450730323791504 9.113780975341797
8.458009719848633 7.525277137756348
7.037113189697266 9.844679832458496
5.182361125946045 7.805718421936035
8.722009658813477 6.893539905548096
6.042497634887695 7.410027027130127
3.4752120971679688 8.489416122436523
5.603224754333496 8.730079650878906
6.187237739562988 8.451979637145996
8.180301666259766 9.396658897399902
5.891506195068359 6.019291877746582
3.1863396167755127 9.615133285522461
7.906169891357422 9.110610961914062
5.179843425750732 9.631242752075195
6.81091833114624 6.93266487121582
3.4882588386535645 7.726748466491699
3.563070297241211 6.497605323791504
8.520840644836426 6.741751194000244
8.246953964233398 8.654884338378906
7.368590831756592 9.41821575164795
6.9311418533325195 7.237823486328125
6.673746109008789 7.454320430755615
5.202895164489746 8.450593948364258
4.171350955963135 7.41372013092041
4.952280521392822 9.424636840820312
6.52872371673584 6.992042541503906
7.06917667388916 9.965353965759277
7.0788445472717285 9.018373489379883
8.291894912719727 8.973721504211426
6.585643768310547 7.895369529724121
4.766376972198486 9.095359802246094
5.7567243576049805 8.726723670959473
6.170407772064209 11.105281829833984
7.790946006774902 8.28715705871582
7.734440326690674 7.8382248878479
8.669036865234375 6.476081848144531
5.226644992828369 8.383682250976562
5.781489849090576 8.439119338989258
3.7455050945281982 7.976034641265869
7.0941314697265625 9.757168769836426
2.942721128463745 7.935906410217285
8.114855766296387 8.83804702758789
8.701534271240234 10.483135223388672
4.634456634521484 7.830692291259766
3.7015435695648193 9.078226089477539
8.809921264648438 6.543896198272705
2.673614263534546 8.596048355102539
6.029247760772705 7.921998023986816
5.622367858886719 10.450506210327148
7.6299543380737305 9.568109512329102
7.189095973968506 10.166708946228027
6.580621719360352 5.835078716278076
3.663443088531494 9.110816955566406
8.203418731689453 6.97564697265625
5.841677665710449 9.093488693237305
8.419788360595703 7.722407817840576
4.177181243896484 11.218341827392578
4.090834617614746 8.041540145874023
6.120640277862549 7.068403244018555
4.400954246520996 7.5973968505859375
7.700917720794678 8.529317855834961
2.2736213207244873 10.810262680053711
7.42722225189209 9.937036514282227
5.318512916564941 8.898492813110352
5.520803451538086 7.709476470947266
3.6779518127441406 7.6486897468566895
8.327716827392578 7.6467061042785645
6.8841352462768555 8.311725616455078
7.868405818939209 6.503049373626709
10.165037155151367 6.842708110809326
8.118287086486816 8.445914268493652
2.4434542655944824 8.112894058227539
4.824696063995361 8.383588790893555
7.988807201385498 9.476064682006836
7.972206115722656 8.716620445251465
8.816582679748535 6.970836162567139
5.343951225280762 7.847808837890625
5.157691478729248 6.288532257080078
3.9421775341033936 7.471270561218262
8.120652198791504 9.786298751831055
8.258003234863281 8.142791748046875
7.379971981048584 8.904618263244629
8.208293914794922 9.048134803771973
7.910482406616211 8.537891387939453
5.516871452331543 10.197839736938477
9.643594741821289 7.489779949188232
5.156187057495117 10.75732135772705
4.23345947265625 8.303028106689453
2.7636451721191406 8.961210250854492
2.9894657135009766 6.760547637939453
3.180805206298828 10.986286163330078
5.8159990310668945 9.529358863830566
4.0754780769348145 8.862871170043945
11.768084526062012 7.041473865509033
3.7912070751190186 8.082046508789062
6.292331695556641 8.146185874938965
7.6166157722473145 9.889519691467285
4.5972700119018555 10.445674896240234
6.397898197174072 6.26098108291626
6.718018531799316 9.6538667678833
5.822267055511475 10.181842803955078
6.744854927062988 9.210941314697266
4.968716144561768 7.977388858795166
6.294478893280029 8.96109390258789
8.361349105834961 8.630956649780273
9.535892486572266 8.273157119750977
6.224056720733643 7.9425177574157715
4.7082672119140625 10.915488243103027
7.276698589324951 9.568826675415039
3.172337055206299 8.295456886291504
11.745680809020996 9.01322078704834
3.3777875900268555 7.109060764312744
8.023305892944336 10.04169750213623
4.972945690155029 6.449271202087402
6.332734107971191 8.396419525146484
5.596339225769043 8.251178741455078
8.37321662902832 9.724542617797852
7.4561614990234375 6.833778381347656
4.624808311462402 9.418235778808594
8.228876113891602 10.130102157592773
4.940094947814941 9.934985160827637
5.083757400512695 8.496932983398438
3.2638518810272217 9.122499465942383
5.0549421310424805 9.876267433166504
5.4363203048706055 9.649709701538086
5.166936874389648 7.664805889129639
9.572037696838379 9.605298042297363
6.27773904800415 5.43875789642334
9.590785026550293 8.476545333862305
6.533709526062012 8.243230819702148
7.6344990730285645 6.180705547332764
2.891376256942749 6.065116882324219
7.2248005867004395 7.164157867431641
3.5869228839874268 6.329967975616455
6.3407368659973145 8.510507583618164
8.913748741149902 9.818778038024902
6.343851089477539 8.835835456848145
6.358525276184082 8.175378799438477
6.583104133605957 9.438209533691406
8.20020580291748 9.057700157165527
7.413841724395752 7.377712726593018
4.484550476074219 7.624513626098633
7.938703536987305 5.256743907928467
5.93358850479126 8.151324272155762
9.47761344909668 9.412107467651367
3.7145256996154785 7.105632781982422
6.153584957122803 9.032774925231934
4.341062545776367 9.576803207397461
